#EXEBLOCK0:
//4
LD 0, 0, 0
LD 1, 0, 1
LD 2, 0, 2
LD 3, 0, 3
LD 516, 0, 4
LD 517, 0, 5
LD 518, 0, 6
LD 519, 0, 7
LD 520, 0, 8
LD 521, 0, 9
LD 522, 0, 10
LD 523, 0, 11
LD 524, 0, 12
LD 525, 0, 13
LD 526, 0, 14
LD 527, 0, 15
LD 528, 0, 16
LD 529, 0, 17
LD 530, 0, 18
LD 531, 0, 19
LD 532, 0, 20
LD 533, 0, 21
LD 534, 0, 22
LD 535, 0, 23
LD 536, 0, 24
LD 537, 0, 25
LD 538, 0, 26
LD 539, 0, 27
LD 540, 0, 28
LD 541, 0, 29
LD 542, 0, 30
LD 543, 0, 31
LD 544, 0, 32
LD 545, 0, 33
LD 546, 0, 34
LD 547, 0, 35
MUL 0, 516, 516
MUL 1, 524, 524
MUL 2, 532, 532
MUL 3, 540, 540
PREREAD0 516, 0, 0
ADD 516, 524, 524
PREREAD0 524, 0, 0
ADD 524, 532, 532
PREREAD0 532, 0, 0
ADD 532, 540, 540
MUL 0, 517, 517
MUL 1, 525, 525
MUL 2, 533, 533
MUL 3, 541, 541
PREREAD0 517, 0, 0
ADD 517, 525, 525
PREREAD0 525, 0, 0
ADD 525, 533, 533
PREREAD0 533, 0, 0
ADD 533, 541, 541
MUL 0, 518, 518
MUL 1, 526, 526
MUL 2, 534, 534
MUL 3, 542, 542
PREREAD0 518, 0, 0
ADD 518, 526, 526
PREREAD0 526, 0, 0
ADD 526, 534, 534
PREREAD0 534, 0, 0
ADD 534, 542, 542
MUL 0, 519, 519
MUL 1, 527, 527
MUL 2, 535, 535
MUL 3, 543, 543
PREREAD0 519, 0, 0
ADD 519, 527, 527
PREREAD0 527, 0, 0
ADD 527, 535, 535
PREREAD0 535, 0, 0
ADD 535, 543, 543
MUL 0, 520, 520
MUL 1, 528, 528
MUL 2, 536, 536
MUL 3, 544, 544
PREREAD0 520, 0, 0
ADD 520, 528, 528
PREREAD0 528, 0, 0
ADD 528, 536, 536
PREREAD0 536, 0, 0
ADD 536, 544, 544
MUL 0, 521, 521
MUL 1, 529, 529
MUL 2, 537, 537
MUL 3, 545, 545
PREREAD0 521, 0, 0
ADD 521, 529, 529
PREREAD0 529, 0, 0
ADD 529, 537, 537
PREREAD0 537, 0, 0
ADD 537, 545, 545
MUL 0, 522, 522
MUL 1, 530, 530
MUL 2, 538, 538
MUL 3, 546, 546
PREREAD0 522, 0, 0
ADD 522, 530, 530
PREREAD0 530, 0, 0
ADD 530, 538, 538
PREREAD0 538, 0, 0
ADD 538, 546, 546
MUL 0, 523, 523
MUL 1, 531, 531
MUL 2, 539, 539
MUL 3, 547, 547
PREREAD0 523, 0, 0
ADD 523, 531, 531
PREREAD0 531, 0, 0
ADD 531, 539, 539
PREREAD0 539, 0, 0
ADD 539, 547, 547
#EXEBLOCK1:
//699052
LD 4, 0, 36
LD 5, 0, 37
LD 6, 0, 38
LD 7, 0, 39
LD 548, 0, 40
LD 549, 0, 41
LD 550, 0, 42
LD 551, 0, 43
LD 552, 0, 44
LD 553, 0, 45
LD 554, 0, 46
LD 555, 0, 47
LD 556, 0, 48
LD 557, 0, 49
LD 558, 0, 50
LD 559, 0, 51
LD 560, 0, 52
LD 561, 0, 53
LD 562, 0, 54
LD 563, 0, 55
LD 564, 0, 56
LD 565, 0, 57
LD 566, 0, 58
LD 567, 0, 59
LD 568, 0, 60
LD 569, 0, 61
LD 570, 0, 62
LD 571, 0, 63
LD 572, 0, 64
LD 573, 0, 65
LD 574, 0, 66
LD 575, 0, 67
LD 576, 0, 68
LD 577, 0, 69
LD 578, 0, 70
LD 579, 0, 71
MUL 4, 548, 548
MUL 5, 556, 556
MUL 6, 564, 564
MUL 7, 572, 572
PREREAD0 548, 0, 0
ADD 548, 556, 556
PREREAD0 556, 0, 0
ADD 556, 564, 564
PREREAD0 564, 0, 0
ADD 564, 572, 572
MUL 4, 549, 549
MUL 5, 557, 557
MUL 6, 565, 565
MUL 7, 573, 573
PREREAD0 549, 0, 0
ADD 549, 557, 557
PREREAD0 557, 0, 0
ADD 557, 565, 565
PREREAD0 565, 0, 0
ADD 565, 573, 573
MUL 4, 550, 550
MUL 5, 558, 558
MUL 6, 566, 566
MUL 7, 574, 574
PREREAD0 550, 0, 0
ADD 550, 558, 558
PREREAD0 558, 0, 0
ADD 558, 566, 566
PREREAD0 566, 0, 0
ADD 566, 574, 574
MUL 4, 551, 551
MUL 5, 559, 559
MUL 6, 567, 567
MUL 7, 575, 575
PREREAD0 551, 0, 0
ADD 551, 559, 559
PREREAD0 559, 0, 0
ADD 559, 567, 567
PREREAD0 567, 0, 0
ADD 567, 575, 575
MUL 4, 552, 552
MUL 5, 560, 560
MUL 6, 568, 568
MUL 7, 576, 576
PREREAD0 552, 0, 0
ADD 552, 560, 560
PREREAD0 560, 0, 0
ADD 560, 568, 568
PREREAD0 568, 0, 0
ADD 568, 576, 576
MUL 4, 553, 553
MUL 5, 561, 561
MUL 6, 569, 569
MUL 7, 577, 577
PREREAD0 553, 0, 0
ADD 553, 561, 561
PREREAD0 561, 0, 0
ADD 561, 569, 569
PREREAD0 569, 0, 0
ADD 569, 577, 577
MUL 4, 554, 554
MUL 5, 562, 562
MUL 6, 570, 570
MUL 7, 578, 578
PREREAD0 554, 0, 0
ADD 554, 562, 562
PREREAD0 562, 0, 0
ADD 562, 570, 570
PREREAD0 570, 0, 0
ADD 570, 578, 578
MUL 4, 555, 555
MUL 5, 563, 563
MUL 6, 571, 571
MUL 7, 579, 579
PREREAD0 555, 0, 0
ADD 555, 563, 563
PREREAD0 563, 0, 0
ADD 563, 571, 571
PREREAD0 571, 0, 0
ADD 571, 579, 579
#EXEBLOCK2:
//1398104
LD 8, 0, 72
LD 9, 0, 73
LD 10, 0, 74
LD 11, 0, 75
LD 580, 0, 76
LD 581, 0, 77
LD 582, 0, 78
LD 583, 0, 79
LD 584, 0, 80
LD 585, 0, 81
LD 586, 0, 82
LD 587, 0, 83
LD 588, 0, 84
LD 589, 0, 85
LD 590, 0, 86
LD 591, 0, 87
LD 592, 0, 88
LD 593, 0, 89
LD 594, 0, 90
LD 595, 0, 91
LD 596, 0, 92
LD 597, 0, 93
LD 598, 0, 94
LD 599, 0, 95
LD 600, 0, 96
LD 601, 0, 97
LD 602, 0, 98
LD 603, 0, 99
LD 604, 0, 100
LD 605, 0, 101
LD 606, 0, 102
LD 607, 0, 103
LD 608, 0, 104
LD 609, 0, 105
LD 610, 0, 106
LD 611, 0, 107
MUL 8, 580, 580
MUL 9, 588, 588
MUL 10, 596, 596
MUL 11, 604, 604
PREREAD0 580, 0, 0
ADD 580, 588, 588
PREREAD0 588, 0, 0
ADD 588, 596, 596
PREREAD0 596, 0, 0
ADD 596, 604, 604
MUL 8, 581, 581
MUL 9, 589, 589
MUL 10, 597, 597
MUL 11, 605, 605
PREREAD0 581, 0, 0
ADD 581, 589, 589
PREREAD0 589, 0, 0
ADD 589, 597, 597
PREREAD0 597, 0, 0
ADD 597, 605, 605
MUL 8, 582, 582
MUL 9, 590, 590
MUL 10, 598, 598
MUL 11, 606, 606
PREREAD0 582, 0, 0
ADD 582, 590, 590
PREREAD0 590, 0, 0
ADD 590, 598, 598
PREREAD0 598, 0, 0
ADD 598, 606, 606
MUL 8, 583, 583
MUL 9, 591, 591
MUL 10, 599, 599
MUL 11, 607, 607
PREREAD0 583, 0, 0
ADD 583, 591, 591
PREREAD0 591, 0, 0
ADD 591, 599, 599
PREREAD0 599, 0, 0
ADD 599, 607, 607
MUL 8, 584, 584
MUL 9, 592, 592
MUL 10, 600, 600
MUL 11, 608, 608
PREREAD0 584, 0, 0
ADD 584, 592, 592
PREREAD0 592, 0, 0
ADD 592, 600, 600
PREREAD0 600, 0, 0
ADD 600, 608, 608
MUL 8, 585, 585
MUL 9, 593, 593
MUL 10, 601, 601
MUL 11, 609, 609
PREREAD0 585, 0, 0
ADD 585, 593, 593
PREREAD0 593, 0, 0
ADD 593, 601, 601
PREREAD0 601, 0, 0
ADD 601, 609, 609
MUL 8, 586, 586
MUL 9, 594, 594
MUL 10, 602, 602
MUL 11, 610, 610
PREREAD0 586, 0, 0
ADD 586, 594, 594
PREREAD0 594, 0, 0
ADD 594, 602, 602
PREREAD0 602, 0, 0
ADD 602, 610, 610
MUL 8, 587, 587
MUL 9, 595, 595
MUL 10, 603, 603
MUL 11, 611, 611
PREREAD0 587, 0, 0
ADD 587, 595, 595
PREREAD0 595, 0, 0
ADD 595, 603, 603
PREREAD0 603, 0, 0
ADD 603, 611, 611
#EXEBLOCK3:
//2097156
LD 12, 0, 108
LD 13, 0, 109
LD 14, 0, 110
LD 15, 0, 111
LD 612, 0, 112
LD 613, 0, 113
LD 614, 0, 114
LD 615, 0, 115
LD 616, 0, 116
LD 617, 0, 117
LD 618, 0, 118
LD 619, 0, 119
LD 620, 0, 120
LD 621, 0, 121
LD 622, 0, 122
LD 623, 0, 123
LD 624, 0, 124
LD 625, 0, 125
LD 626, 0, 126
LD 627, 0, 127
LD 628, 0, 128
LD 629, 0, 129
LD 630, 0, 130
LD 631, 0, 131
LD 632, 0, 132
LD 633, 0, 133
LD 634, 0, 134
LD 635, 0, 135
LD 636, 0, 136
LD 637, 0, 137
LD 638, 0, 138
LD 639, 0, 139
LD 640, 0, 140
LD 641, 0, 141
LD 642, 0, 142
LD 643, 0, 143
MUL 12, 612, 612
MUL 13, 620, 620
MUL 14, 628, 628
MUL 15, 636, 636
PREREAD0 612, 0, 0
ADD 612, 620, 620
PREREAD0 620, 0, 0
ADD 620, 628, 628
PREREAD0 628, 0, 0
ADD 628, 636, 636
MUL 12, 613, 613
MUL 13, 621, 621
MUL 14, 629, 629
MUL 15, 637, 637
PREREAD0 613, 0, 0
ADD 613, 621, 621
PREREAD0 621, 0, 0
ADD 621, 629, 629
PREREAD0 629, 0, 0
ADD 629, 637, 637
MUL 12, 614, 614
MUL 13, 622, 622
MUL 14, 630, 630
MUL 15, 638, 638
PREREAD0 614, 0, 0
ADD 614, 622, 622
PREREAD0 622, 0, 0
ADD 622, 630, 630
PREREAD0 630, 0, 0
ADD 630, 638, 638
MUL 12, 615, 615
MUL 13, 623, 623
MUL 14, 631, 631
MUL 15, 639, 639
PREREAD0 615, 0, 0
ADD 615, 623, 623
PREREAD0 623, 0, 0
ADD 623, 631, 631
PREREAD0 631, 0, 0
ADD 631, 639, 639
MUL 12, 616, 616
MUL 13, 624, 624
MUL 14, 632, 632
MUL 15, 640, 640
PREREAD0 616, 0, 0
ADD 616, 624, 624
PREREAD0 624, 0, 0
ADD 624, 632, 632
PREREAD0 632, 0, 0
ADD 632, 640, 640
MUL 12, 617, 617
MUL 13, 625, 625
MUL 14, 633, 633
MUL 15, 641, 641
PREREAD0 617, 0, 0
ADD 617, 625, 625
PREREAD0 625, 0, 0
ADD 625, 633, 633
PREREAD0 633, 0, 0
ADD 633, 641, 641
MUL 12, 618, 618
MUL 13, 626, 626
MUL 14, 634, 634
MUL 15, 642, 642
PREREAD0 618, 0, 0
ADD 618, 626, 626
PREREAD0 626, 0, 0
ADD 626, 634, 634
PREREAD0 634, 0, 0
ADD 634, 642, 642
MUL 12, 619, 619
MUL 13, 627, 627
MUL 14, 635, 635
MUL 15, 643, 643
PREREAD0 619, 0, 0
ADD 619, 627, 627
PREREAD0 627, 0, 0
ADD 627, 635, 635
PREREAD0 635, 0, 0
ADD 635, 643, 643
PREREAD0 636, 0, 0
ADD 636, 540, 636
PREREAD0 637, 0, 0
ADD 637, 541, 637
PREREAD0 638, 0, 0
ADD 638, 542, 638
PREREAD0 639, 0, 0
ADD 639, 543, 639
PREREAD0 640, 0, 0
ADD 640, 544, 640
PREREAD0 641, 0, 0
ADD 641, 545, 641
PREREAD0 642, 0, 0
ADD 642, 546, 642
PREREAD0 643, 0, 0
ADD 643, 547, 643
PREREAD0 636, 0, 0
ADD 636, 572, 636
PREREAD0 637, 0, 0
ADD 637, 573, 637
PREREAD0 638, 0, 0
ADD 638, 574, 638
PREREAD0 639, 0, 0
ADD 639, 575, 639
PREREAD0 640, 0, 0
ADD 640, 576, 640
PREREAD0 641, 0, 0
ADD 641, 577, 641
PREREAD0 642, 0, 0
ADD 642, 578, 642
PREREAD0 643, 0, 0
ADD 643, 579, 643
PREREAD0 636, 0, 0
ADD 636, 604, 636
PREREAD0 637, 0, 0
ADD 637, 605, 637
PREREAD0 638, 0, 0
ADD 638, 606, 638
PREREAD0 639, 0, 0
ADD 639, 607, 639
PREREAD0 640, 0, 0
ADD 640, 608, 640
PREREAD0 641, 0, 0
ADD 641, 609, 641
PREREAD0 642, 0, 0
ADD 642, 610, 642
PREREAD0 643, 0, 0
ADD 643, 611, 643
COPY 636, 60, 2
COPY 637, 61, 2
COPY 638, 62, 2
COPY 639, 63, 2
COPY 640, 64, 2
COPY 641, 65, 2
COPY 642, 66, 2
COPY 643, 67, 2
#EXEBLOCK4:
//2796204
LD 0, 0, 0
LD 1, 0, 1
LD 2, 0, 2
LD 3, 0, 3
LD 516, 0, 4
LD 517, 0, 5
LD 518, 0, 6
LD 519, 0, 7
LD 520, 0, 8
LD 521, 0, 9
LD 522, 0, 10
LD 523, 0, 11
LD 524, 0, 12
LD 525, 0, 13
LD 526, 0, 14
LD 527, 0, 15
LD 528, 0, 16
LD 529, 0, 17
LD 530, 0, 18
LD 531, 0, 19
LD 532, 0, 20
LD 533, 0, 21
LD 534, 0, 22
LD 535, 0, 23
LD 536, 0, 24
LD 537, 0, 25
LD 538, 0, 26
LD 539, 0, 27
LD 540, 0, 28
LD 541, 0, 29
LD 542, 0, 30
LD 543, 0, 31
LD 544, 0, 32
LD 545, 0, 33
LD 546, 0, 34
LD 547, 0, 35
MUL 0, 516, 516
MUL 1, 524, 524
MUL 2, 532, 532
MUL 3, 540, 540
PREREAD0 516, 0, 0
ADD 516, 524, 524
PREREAD0 524, 0, 0
ADD 524, 532, 532
PREREAD0 532, 0, 0
ADD 532, 540, 540
MUL 0, 517, 517
MUL 1, 525, 525
MUL 2, 533, 533
MUL 3, 541, 541
PREREAD0 517, 0, 0
ADD 517, 525, 525
PREREAD0 525, 0, 0
ADD 525, 533, 533
PREREAD0 533, 0, 0
ADD 533, 541, 541
MUL 0, 518, 518
MUL 1, 526, 526
MUL 2, 534, 534
MUL 3, 542, 542
PREREAD0 518, 0, 0
ADD 518, 526, 526
PREREAD0 526, 0, 0
ADD 526, 534, 534
PREREAD0 534, 0, 0
ADD 534, 542, 542
MUL 0, 519, 519
MUL 1, 527, 527
MUL 2, 535, 535
MUL 3, 543, 543
PREREAD0 519, 0, 0
ADD 519, 527, 527
PREREAD0 527, 0, 0
ADD 527, 535, 535
PREREAD0 535, 0, 0
ADD 535, 543, 543
MUL 0, 520, 520
MUL 1, 528, 528
MUL 2, 536, 536
MUL 3, 544, 544
PREREAD0 520, 0, 0
ADD 520, 528, 528
PREREAD0 528, 0, 0
ADD 528, 536, 536
PREREAD0 536, 0, 0
ADD 536, 544, 544
MUL 0, 521, 521
MUL 1, 529, 529
MUL 2, 537, 537
MUL 3, 545, 545
PREREAD0 521, 0, 0
ADD 521, 529, 529
PREREAD0 529, 0, 0
ADD 529, 537, 537
PREREAD0 537, 0, 0
ADD 537, 545, 545
MUL 0, 522, 522
MUL 1, 530, 530
MUL 2, 538, 538
MUL 3, 546, 546
PREREAD0 522, 0, 0
ADD 522, 530, 530
PREREAD0 530, 0, 0
ADD 530, 538, 538
PREREAD0 538, 0, 0
ADD 538, 546, 546
MUL 0, 523, 523
MUL 1, 531, 531
MUL 2, 539, 539
MUL 3, 547, 547
PREREAD0 523, 0, 0
ADD 523, 531, 531
PREREAD0 531, 0, 0
ADD 531, 539, 539
PREREAD0 539, 0, 0
ADD 539, 547, 547
#EXEBLOCK5:
//3495256
LD 4, 0, 36
LD 5, 0, 37
LD 6, 0, 38
LD 7, 0, 39
LD 548, 0, 40
LD 549, 0, 41
LD 550, 0, 42
LD 551, 0, 43
LD 552, 0, 44
LD 553, 0, 45
LD 554, 0, 46
LD 555, 0, 47
LD 556, 0, 48
LD 557, 0, 49
LD 558, 0, 50
LD 559, 0, 51
LD 560, 0, 52
LD 561, 0, 53
LD 562, 0, 54
LD 563, 0, 55
LD 564, 0, 56
LD 565, 0, 57
LD 566, 0, 58
LD 567, 0, 59
LD 568, 0, 60
LD 569, 0, 61
LD 570, 0, 62
LD 571, 0, 63
LD 572, 0, 64
LD 573, 0, 65
LD 574, 0, 66
LD 575, 0, 67
LD 576, 0, 68
LD 577, 0, 69
LD 578, 0, 70
LD 579, 0, 71
MUL 4, 548, 548
MUL 5, 556, 556
MUL 6, 564, 564
MUL 7, 572, 572
PREREAD0 548, 0, 0
ADD 548, 556, 556
PREREAD0 556, 0, 0
ADD 556, 564, 564
PREREAD0 564, 0, 0
ADD 564, 572, 572
MUL 4, 549, 549
MUL 5, 557, 557
MUL 6, 565, 565
MUL 7, 573, 573
PREREAD0 549, 0, 0
ADD 549, 557, 557
PREREAD0 557, 0, 0
ADD 557, 565, 565
PREREAD0 565, 0, 0
ADD 565, 573, 573
MUL 4, 550, 550
MUL 5, 558, 558
MUL 6, 566, 566
MUL 7, 574, 574
PREREAD0 550, 0, 0
ADD 550, 558, 558
PREREAD0 558, 0, 0
ADD 558, 566, 566
PREREAD0 566, 0, 0
ADD 566, 574, 574
MUL 4, 551, 551
MUL 5, 559, 559
MUL 6, 567, 567
MUL 7, 575, 575
PREREAD0 551, 0, 0
ADD 551, 559, 559
PREREAD0 559, 0, 0
ADD 559, 567, 567
PREREAD0 567, 0, 0
ADD 567, 575, 575
MUL 4, 552, 552
MUL 5, 560, 560
MUL 6, 568, 568
MUL 7, 576, 576
PREREAD0 552, 0, 0
ADD 552, 560, 560
PREREAD0 560, 0, 0
ADD 560, 568, 568
PREREAD0 568, 0, 0
ADD 568, 576, 576
MUL 4, 553, 553
MUL 5, 561, 561
MUL 6, 569, 569
MUL 7, 577, 577
PREREAD0 553, 0, 0
ADD 553, 561, 561
PREREAD0 561, 0, 0
ADD 561, 569, 569
PREREAD0 569, 0, 0
ADD 569, 577, 577
MUL 4, 554, 554
MUL 5, 562, 562
MUL 6, 570, 570
MUL 7, 578, 578
PREREAD0 554, 0, 0
ADD 554, 562, 562
PREREAD0 562, 0, 0
ADD 562, 570, 570
PREREAD0 570, 0, 0
ADD 570, 578, 578
MUL 4, 555, 555
MUL 5, 563, 563
MUL 6, 571, 571
MUL 7, 579, 579
PREREAD0 555, 0, 0
ADD 555, 563, 563
PREREAD0 563, 0, 0
ADD 563, 571, 571
PREREAD0 571, 0, 0
ADD 571, 579, 579
#EXEBLOCK6:
//4194308
LD 8, 0, 72
LD 9, 0, 73
LD 10, 0, 74
LD 11, 0, 75
LD 580, 0, 76
LD 581, 0, 77
LD 582, 0, 78
LD 583, 0, 79
LD 584, 0, 80
LD 585, 0, 81
LD 586, 0, 82
LD 587, 0, 83
LD 588, 0, 84
LD 589, 0, 85
LD 590, 0, 86
LD 591, 0, 87
LD 592, 0, 88
LD 593, 0, 89
LD 594, 0, 90
LD 595, 0, 91
LD 596, 0, 92
LD 597, 0, 93
LD 598, 0, 94
LD 599, 0, 95
LD 600, 0, 96
LD 601, 0, 97
LD 602, 0, 98
LD 603, 0, 99
LD 604, 0, 100
LD 605, 0, 101
LD 606, 0, 102
LD 607, 0, 103
LD 608, 0, 104
LD 609, 0, 105
LD 610, 0, 106
LD 611, 0, 107
MUL 8, 580, 580
MUL 9, 588, 588
MUL 10, 596, 596
MUL 11, 604, 604
PREREAD0 580, 0, 0
ADD 580, 588, 588
PREREAD0 588, 0, 0
ADD 588, 596, 596
PREREAD0 596, 0, 0
ADD 596, 604, 604
MUL 8, 581, 581
MUL 9, 589, 589
MUL 10, 597, 597
MUL 11, 605, 605
PREREAD0 581, 0, 0
ADD 581, 589, 589
PREREAD0 589, 0, 0
ADD 589, 597, 597
PREREAD0 597, 0, 0
ADD 597, 605, 605
MUL 8, 582, 582
MUL 9, 590, 590
MUL 10, 598, 598
MUL 11, 606, 606
PREREAD0 582, 0, 0
ADD 582, 590, 590
PREREAD0 590, 0, 0
ADD 590, 598, 598
PREREAD0 598, 0, 0
ADD 598, 606, 606
MUL 8, 583, 583
MUL 9, 591, 591
MUL 10, 599, 599
MUL 11, 607, 607
PREREAD0 583, 0, 0
ADD 583, 591, 591
PREREAD0 591, 0, 0
ADD 591, 599, 599
PREREAD0 599, 0, 0
ADD 599, 607, 607
MUL 8, 584, 584
MUL 9, 592, 592
MUL 10, 600, 600
MUL 11, 608, 608
PREREAD0 584, 0, 0
ADD 584, 592, 592
PREREAD0 592, 0, 0
ADD 592, 600, 600
PREREAD0 600, 0, 0
ADD 600, 608, 608
MUL 8, 585, 585
MUL 9, 593, 593
MUL 10, 601, 601
MUL 11, 609, 609
PREREAD0 585, 0, 0
ADD 585, 593, 593
PREREAD0 593, 0, 0
ADD 593, 601, 601
PREREAD0 601, 0, 0
ADD 601, 609, 609
MUL 8, 586, 586
MUL 9, 594, 594
MUL 10, 602, 602
MUL 11, 610, 610
PREREAD0 586, 0, 0
ADD 586, 594, 594
PREREAD0 594, 0, 0
ADD 594, 602, 602
PREREAD0 602, 0, 0
ADD 602, 610, 610
MUL 8, 587, 587
MUL 9, 595, 595
MUL 10, 603, 603
MUL 11, 611, 611
PREREAD0 587, 0, 0
ADD 587, 595, 595
PREREAD0 595, 0, 0
ADD 595, 603, 603
PREREAD0 603, 0, 0
ADD 603, 611, 611
#EXEBLOCK7:
//4893356
LD 12, 0, 108
LD 13, 0, 109
LD 14, 0, 110
LD 15, 0, 111
LD 612, 0, 112
LD 613, 0, 113
LD 614, 0, 114
LD 615, 0, 115
LD 616, 0, 116
LD 617, 0, 117
LD 618, 0, 118
LD 619, 0, 119
LD 620, 0, 120
LD 621, 0, 121
LD 622, 0, 122
LD 623, 0, 123
LD 624, 0, 124
LD 625, 0, 125
LD 626, 0, 126
LD 627, 0, 127
LD 628, 0, 128
LD 629, 0, 129
LD 630, 0, 130
LD 631, 0, 131
LD 632, 0, 132
LD 633, 0, 133
LD 634, 0, 134
LD 635, 0, 135
LD 636, 0, 136
LD 637, 0, 137
LD 638, 0, 138
LD 639, 0, 139
LD 640, 0, 140
LD 641, 0, 141
LD 642, 0, 142
LD 643, 0, 143
MUL 12, 612, 612
MUL 13, 620, 620
MUL 14, 628, 628
MUL 15, 636, 636
PREREAD0 612, 0, 0
ADD 612, 620, 620
PREREAD0 620, 0, 0
ADD 620, 628, 628
PREREAD0 628, 0, 0
ADD 628, 636, 636
MUL 12, 613, 613
MUL 13, 621, 621
MUL 14, 629, 629
MUL 15, 637, 637
PREREAD0 613, 0, 0
ADD 613, 621, 621
PREREAD0 621, 0, 0
ADD 621, 629, 629
PREREAD0 629, 0, 0
ADD 629, 637, 637
MUL 12, 614, 614
MUL 13, 622, 622
MUL 14, 630, 630
MUL 15, 638, 638
PREREAD0 614, 0, 0
ADD 614, 622, 622
PREREAD0 622, 0, 0
ADD 622, 630, 630
PREREAD0 630, 0, 0
ADD 630, 638, 638
MUL 12, 615, 615
MUL 13, 623, 623
MUL 14, 631, 631
MUL 15, 639, 639
PREREAD0 615, 0, 0
ADD 615, 623, 623
PREREAD0 623, 0, 0
ADD 623, 631, 631
PREREAD0 631, 0, 0
ADD 631, 639, 639
MUL 12, 616, 616
MUL 13, 624, 624
MUL 14, 632, 632
MUL 15, 640, 640
PREREAD0 616, 0, 0
ADD 616, 624, 624
PREREAD0 624, 0, 0
ADD 624, 632, 632
PREREAD0 632, 0, 0
ADD 632, 640, 640
MUL 12, 617, 617
MUL 13, 625, 625
MUL 14, 633, 633
MUL 15, 641, 641
PREREAD0 617, 0, 0
ADD 617, 625, 625
PREREAD0 625, 0, 0
ADD 625, 633, 633
PREREAD0 633, 0, 0
ADD 633, 641, 641
MUL 12, 618, 618
MUL 13, 626, 626
MUL 14, 634, 634
MUL 15, 642, 642
PREREAD0 618, 0, 0
ADD 618, 626, 626
PREREAD0 626, 0, 0
ADD 626, 634, 634
PREREAD0 634, 0, 0
ADD 634, 642, 642
MUL 12, 619, 619
MUL 13, 627, 627
MUL 14, 635, 635
MUL 15, 643, 643
PREREAD0 619, 0, 0
ADD 619, 627, 627
PREREAD0 627, 0, 0
ADD 627, 635, 635
PREREAD0 635, 0, 0
ADD 635, 643, 643
PREREAD0 636, 0, 0
ADD 636, 540, 636
PREREAD0 637, 0, 0
ADD 637, 541, 637
PREREAD0 638, 0, 0
ADD 638, 542, 638
PREREAD0 639, 0, 0
ADD 639, 543, 639
PREREAD0 640, 0, 0
ADD 640, 544, 640
PREREAD0 641, 0, 0
ADD 641, 545, 641
PREREAD0 642, 0, 0
ADD 642, 546, 642
PREREAD0 643, 0, 0
ADD 643, 547, 643
PREREAD0 636, 0, 0
ADD 636, 572, 636
PREREAD0 637, 0, 0
ADD 637, 573, 637
PREREAD0 638, 0, 0
ADD 638, 574, 638
PREREAD0 639, 0, 0
ADD 639, 575, 639
PREREAD0 640, 0, 0
ADD 640, 576, 640
PREREAD0 641, 0, 0
ADD 641, 577, 641
PREREAD0 642, 0, 0
ADD 642, 578, 642
PREREAD0 643, 0, 0
ADD 643, 579, 643
PREREAD0 636, 0, 0
ADD 636, 604, 636
PREREAD0 637, 0, 0
ADD 637, 605, 637
PREREAD0 638, 0, 0
ADD 638, 606, 638
PREREAD0 639, 0, 0
ADD 639, 607, 639
PREREAD0 640, 0, 0
ADD 640, 608, 640
PREREAD0 641, 0, 0
ADD 641, 609, 641
PREREAD0 642, 0, 0
ADD 642, 610, 642
PREREAD0 643, 0, 0
ADD 643, 611, 643
COPY 636, 68, 2
COPY 637, 69, 2
COPY 638, 70, 2
COPY 639, 71, 2
COPY 640, 72, 2
COPY 641, 73, 2
COPY 642, 74, 2
COPY 643, 75, 2
#EXEBLOCK8:
//5592408
LD 0, 0, 0
LD 1, 0, 1
LD 2, 0, 2
LD 3, 0, 3
LD 516, 0, 4
LD 517, 0, 5
LD 518, 0, 6
LD 519, 0, 7
LD 520, 0, 8
LD 521, 0, 9
LD 522, 0, 10
LD 523, 0, 11
LD 524, 0, 12
LD 525, 0, 13
LD 526, 0, 14
LD 527, 0, 15
LD 528, 0, 16
LD 529, 0, 17
LD 530, 0, 18
LD 531, 0, 19
LD 532, 0, 20
LD 533, 0, 21
LD 534, 0, 22
LD 535, 0, 23
LD 536, 0, 24
LD 537, 0, 25
LD 538, 0, 26
LD 539, 0, 27
LD 540, 0, 28
LD 541, 0, 29
LD 542, 0, 30
LD 543, 0, 31
LD 544, 0, 32
LD 545, 0, 33
LD 546, 0, 34
LD 547, 0, 35
MUL 0, 516, 516
MUL 1, 524, 524
MUL 2, 532, 532
MUL 3, 540, 540
PREREAD0 516, 0, 0
ADD 516, 524, 524
PREREAD0 524, 0, 0
ADD 524, 532, 532
PREREAD0 532, 0, 0
ADD 532, 540, 540
MUL 0, 517, 517
MUL 1, 525, 525
MUL 2, 533, 533
MUL 3, 541, 541
PREREAD0 517, 0, 0
ADD 517, 525, 525
PREREAD0 525, 0, 0
ADD 525, 533, 533
PREREAD0 533, 0, 0
ADD 533, 541, 541
MUL 0, 518, 518
MUL 1, 526, 526
MUL 2, 534, 534
MUL 3, 542, 542
PREREAD0 518, 0, 0
ADD 518, 526, 526
PREREAD0 526, 0, 0
ADD 526, 534, 534
PREREAD0 534, 0, 0
ADD 534, 542, 542
MUL 0, 519, 519
MUL 1, 527, 527
MUL 2, 535, 535
MUL 3, 543, 543
PREREAD0 519, 0, 0
ADD 519, 527, 527
PREREAD0 527, 0, 0
ADD 527, 535, 535
PREREAD0 535, 0, 0
ADD 535, 543, 543
MUL 0, 520, 520
MUL 1, 528, 528
MUL 2, 536, 536
MUL 3, 544, 544
PREREAD0 520, 0, 0
ADD 520, 528, 528
PREREAD0 528, 0, 0
ADD 528, 536, 536
PREREAD0 536, 0, 0
ADD 536, 544, 544
MUL 0, 521, 521
MUL 1, 529, 529
MUL 2, 537, 537
MUL 3, 545, 545
PREREAD0 521, 0, 0
ADD 521, 529, 529
PREREAD0 529, 0, 0
ADD 529, 537, 537
PREREAD0 537, 0, 0
ADD 537, 545, 545
MUL 0, 522, 522
MUL 1, 530, 530
MUL 2, 538, 538
MUL 3, 546, 546
PREREAD0 522, 0, 0
ADD 522, 530, 530
PREREAD0 530, 0, 0
ADD 530, 538, 538
PREREAD0 538, 0, 0
ADD 538, 546, 546
MUL 0, 523, 523
MUL 1, 531, 531
MUL 2, 539, 539
MUL 3, 547, 547
PREREAD0 523, 0, 0
ADD 523, 531, 531
PREREAD0 531, 0, 0
ADD 531, 539, 539
PREREAD0 539, 0, 0
ADD 539, 547, 547
#EXEBLOCK9:
//6291460
LD 4, 0, 36
LD 5, 0, 37
LD 6, 0, 38
LD 7, 0, 39
LD 548, 0, 40
LD 549, 0, 41
LD 550, 0, 42
LD 551, 0, 43
LD 552, 0, 44
LD 553, 0, 45
LD 554, 0, 46
LD 555, 0, 47
LD 556, 0, 48
LD 557, 0, 49
LD 558, 0, 50
LD 559, 0, 51
LD 560, 0, 52
LD 561, 0, 53
LD 562, 0, 54
LD 563, 0, 55
LD 564, 0, 56
LD 565, 0, 57
LD 566, 0, 58
LD 567, 0, 59
LD 568, 0, 60
LD 569, 0, 61
LD 570, 0, 62
LD 571, 0, 63
LD 572, 0, 64
LD 573, 0, 65
LD 574, 0, 66
LD 575, 0, 67
LD 576, 0, 68
LD 577, 0, 69
LD 578, 0, 70
LD 579, 0, 71
MUL 4, 548, 548
MUL 5, 556, 556
MUL 6, 564, 564
MUL 7, 572, 572
PREREAD0 548, 0, 0
ADD 548, 556, 556
PREREAD0 556, 0, 0
ADD 556, 564, 564
PREREAD0 564, 0, 0
ADD 564, 572, 572
MUL 4, 549, 549
MUL 5, 557, 557
MUL 6, 565, 565
MUL 7, 573, 573
PREREAD0 549, 0, 0
ADD 549, 557, 557
PREREAD0 557, 0, 0
ADD 557, 565, 565
PREREAD0 565, 0, 0
ADD 565, 573, 573
MUL 4, 550, 550
MUL 5, 558, 558
MUL 6, 566, 566
MUL 7, 574, 574
PREREAD0 550, 0, 0
ADD 550, 558, 558
PREREAD0 558, 0, 0
ADD 558, 566, 566
PREREAD0 566, 0, 0
ADD 566, 574, 574
MUL 4, 551, 551
MUL 5, 559, 559
MUL 6, 567, 567
MUL 7, 575, 575
PREREAD0 551, 0, 0
ADD 551, 559, 559
PREREAD0 559, 0, 0
ADD 559, 567, 567
PREREAD0 567, 0, 0
ADD 567, 575, 575
MUL 4, 552, 552
MUL 5, 560, 560
MUL 6, 568, 568
MUL 7, 576, 576
PREREAD0 552, 0, 0
ADD 552, 560, 560
PREREAD0 560, 0, 0
ADD 560, 568, 568
PREREAD0 568, 0, 0
ADD 568, 576, 576
MUL 4, 553, 553
MUL 5, 561, 561
MUL 6, 569, 569
MUL 7, 577, 577
PREREAD0 553, 0, 0
ADD 553, 561, 561
PREREAD0 561, 0, 0
ADD 561, 569, 569
PREREAD0 569, 0, 0
ADD 569, 577, 577
MUL 4, 554, 554
MUL 5, 562, 562
MUL 6, 570, 570
MUL 7, 578, 578
PREREAD0 554, 0, 0
ADD 554, 562, 562
PREREAD0 562, 0, 0
ADD 562, 570, 570
PREREAD0 570, 0, 0
ADD 570, 578, 578
MUL 4, 555, 555
MUL 5, 563, 563
MUL 6, 571, 571
MUL 7, 579, 579
PREREAD0 555, 0, 0
ADD 555, 563, 563
PREREAD0 563, 0, 0
ADD 563, 571, 571
PREREAD0 571, 0, 0
ADD 571, 579, 579
#EXEBLOCK10:
//6990508
LD 8, 0, 72
LD 9, 0, 73
LD 10, 0, 74
LD 11, 0, 75
LD 580, 0, 76
LD 581, 0, 77
LD 582, 0, 78
LD 583, 0, 79
LD 584, 0, 80
LD 585, 0, 81
LD 586, 0, 82
LD 587, 0, 83
LD 588, 0, 84
LD 589, 0, 85
LD 590, 0, 86
LD 591, 0, 87
LD 592, 0, 88
LD 593, 0, 89
LD 594, 0, 90
LD 595, 0, 91
LD 596, 0, 92
LD 597, 0, 93
LD 598, 0, 94
LD 599, 0, 95
LD 600, 0, 96
LD 601, 0, 97
LD 602, 0, 98
LD 603, 0, 99
LD 604, 0, 100
LD 605, 0, 101
LD 606, 0, 102
LD 607, 0, 103
LD 608, 0, 104
LD 609, 0, 105
LD 610, 0, 106
LD 611, 0, 107
MUL 8, 580, 580
MUL 9, 588, 588
MUL 10, 596, 596
MUL 11, 604, 604
PREREAD0 580, 0, 0
ADD 580, 588, 588
PREREAD0 588, 0, 0
ADD 588, 596, 596
PREREAD0 596, 0, 0
ADD 596, 604, 604
MUL 8, 581, 581
MUL 9, 589, 589
MUL 10, 597, 597
MUL 11, 605, 605
PREREAD0 581, 0, 0
ADD 581, 589, 589
PREREAD0 589, 0, 0
ADD 589, 597, 597
PREREAD0 597, 0, 0
ADD 597, 605, 605
MUL 8, 582, 582
MUL 9, 590, 590
MUL 10, 598, 598
MUL 11, 606, 606
PREREAD0 582, 0, 0
ADD 582, 590, 590
PREREAD0 590, 0, 0
ADD 590, 598, 598
PREREAD0 598, 0, 0
ADD 598, 606, 606
MUL 8, 583, 583
MUL 9, 591, 591
MUL 10, 599, 599
MUL 11, 607, 607
PREREAD0 583, 0, 0
ADD 583, 591, 591
PREREAD0 591, 0, 0
ADD 591, 599, 599
PREREAD0 599, 0, 0
ADD 599, 607, 607
MUL 8, 584, 584
MUL 9, 592, 592
MUL 10, 600, 600
MUL 11, 608, 608
PREREAD0 584, 0, 0
ADD 584, 592, 592
PREREAD0 592, 0, 0
ADD 592, 600, 600
PREREAD0 600, 0, 0
ADD 600, 608, 608
MUL 8, 585, 585
MUL 9, 593, 593
MUL 10, 601, 601
MUL 11, 609, 609
PREREAD0 585, 0, 0
ADD 585, 593, 593
PREREAD0 593, 0, 0
ADD 593, 601, 601
PREREAD0 601, 0, 0
ADD 601, 609, 609
MUL 8, 586, 586
MUL 9, 594, 594
MUL 10, 602, 602
MUL 11, 610, 610
PREREAD0 586, 0, 0
ADD 586, 594, 594
PREREAD0 594, 0, 0
ADD 594, 602, 602
PREREAD0 602, 0, 0
ADD 602, 610, 610
MUL 8, 587, 587
MUL 9, 595, 595
MUL 10, 603, 603
MUL 11, 611, 611
PREREAD0 587, 0, 0
ADD 587, 595, 595
PREREAD0 595, 0, 0
ADD 595, 603, 603
PREREAD0 603, 0, 0
ADD 603, 611, 611
#EXEBLOCK11:
//7689560
LD 12, 0, 108
LD 13, 0, 109
LD 14, 0, 110
LD 15, 0, 111
LD 612, 0, 112
LD 613, 0, 113
LD 614, 0, 114
LD 615, 0, 115
LD 616, 0, 116
LD 617, 0, 117
LD 618, 0, 118
LD 619, 0, 119
LD 620, 0, 120
LD 621, 0, 121
LD 622, 0, 122
LD 623, 0, 123
LD 624, 0, 124
LD 625, 0, 125
LD 626, 0, 126
LD 627, 0, 127
LD 628, 0, 128
LD 629, 0, 129
LD 630, 0, 130
LD 631, 0, 131
LD 632, 0, 132
LD 633, 0, 133
LD 634, 0, 134
LD 635, 0, 135
LD 636, 0, 136
LD 637, 0, 137
LD 638, 0, 138
LD 639, 0, 139
LD 640, 0, 140
LD 641, 0, 141
LD 642, 0, 142
LD 643, 0, 143
MUL 12, 612, 612
MUL 13, 620, 620
MUL 14, 628, 628
MUL 15, 636, 636
PREREAD0 612, 0, 0
ADD 612, 620, 620
PREREAD0 620, 0, 0
ADD 620, 628, 628
PREREAD0 628, 0, 0
ADD 628, 636, 636
MUL 12, 613, 613
MUL 13, 621, 621
MUL 14, 629, 629
MUL 15, 637, 637
PREREAD0 613, 0, 0
ADD 613, 621, 621
PREREAD0 621, 0, 0
ADD 621, 629, 629
PREREAD0 629, 0, 0
ADD 629, 637, 637
MUL 12, 614, 614
MUL 13, 622, 622
MUL 14, 630, 630
MUL 15, 638, 638
PREREAD0 614, 0, 0
ADD 614, 622, 622
PREREAD0 622, 0, 0
ADD 622, 630, 630
PREREAD0 630, 0, 0
ADD 630, 638, 638
MUL 12, 615, 615
MUL 13, 623, 623
MUL 14, 631, 631
MUL 15, 639, 639
PREREAD0 615, 0, 0
ADD 615, 623, 623
PREREAD0 623, 0, 0
ADD 623, 631, 631
PREREAD0 631, 0, 0
ADD 631, 639, 639
MUL 12, 616, 616
MUL 13, 624, 624
MUL 14, 632, 632
MUL 15, 640, 640
PREREAD0 616, 0, 0
ADD 616, 624, 624
PREREAD0 624, 0, 0
ADD 624, 632, 632
PREREAD0 632, 0, 0
ADD 632, 640, 640
MUL 12, 617, 617
MUL 13, 625, 625
MUL 14, 633, 633
MUL 15, 641, 641
PREREAD0 617, 0, 0
ADD 617, 625, 625
PREREAD0 625, 0, 0
ADD 625, 633, 633
PREREAD0 633, 0, 0
ADD 633, 641, 641
MUL 12, 618, 618
MUL 13, 626, 626
MUL 14, 634, 634
MUL 15, 642, 642
PREREAD0 618, 0, 0
ADD 618, 626, 626
PREREAD0 626, 0, 0
ADD 626, 634, 634
PREREAD0 634, 0, 0
ADD 634, 642, 642
MUL 12, 619, 619
MUL 13, 627, 627
MUL 14, 635, 635
MUL 15, 643, 643
PREREAD0 619, 0, 0
ADD 619, 627, 627
PREREAD0 627, 0, 0
ADD 627, 635, 635
PREREAD0 635, 0, 0
ADD 635, 643, 643
ADD 636, 60, 636
ADD 637, 61, 637
ADD 638, 62, 638
ADD 639, 63, 639
ADD 640, 64, 640
ADD 641, 65, 641
ADD 642, 66, 642
ADD 643, 67, 643
ADD 636, 68, 636
ADD 637, 69, 637
ADD 638, 70, 638
ADD 639, 71, 639
ADD 640, 72, 640
ADD 641, 73, 641
ADD 642, 74, 642
ADD 643, 75, 643
PREREAD0 636, 0, 0
ADD 636, 540, 636
PREREAD0 637, 0, 0
ADD 637, 541, 637
PREREAD0 638, 0, 0
ADD 638, 542, 638
PREREAD0 639, 0, 0
ADD 639, 543, 639
PREREAD0 640, 0, 0
ADD 640, 544, 640
PREREAD0 641, 0, 0
ADD 641, 545, 641
PREREAD0 642, 0, 0
ADD 642, 546, 642
PREREAD0 643, 0, 0
ADD 643, 547, 643
PREREAD0 636, 0, 0
ADD 636, 572, 636
PREREAD0 637, 0, 0
ADD 637, 573, 637
PREREAD0 638, 0, 0
ADD 638, 574, 638
PREREAD0 639, 0, 0
ADD 639, 575, 639
PREREAD0 640, 0, 0
ADD 640, 576, 640
PREREAD0 641, 0, 0
ADD 641, 577, 641
PREREAD0 642, 0, 0
ADD 642, 578, 642
PREREAD0 643, 0, 0
ADD 643, 579, 643
PREREAD0 636, 0, 0
ADD 636, 604, 636
PREREAD0 637, 0, 0
ADD 637, 605, 637
PREREAD0 638, 0, 0
ADD 638, 606, 638
PREREAD0 639, 0, 0
ADD 639, 607, 639
PREREAD0 640, 0, 0
ADD 640, 608, 640
PREREAD0 641, 0, 0
ADD 641, 609, 641
PREREAD0 642, 0, 0
ADD 642, 610, 642
PREREAD0 643, 0, 0
ADD 643, 611, 643
ST 636, 0, 0
ST 637, 0, 1
ST 638, 0, 2
ST 639, 0, 3
ST 640, 0, 4
ST 641, 0, 5
ST 642, 0, 6
ST 643, 0, 7
