@300
00000000000000000000000000000000
00000010011100000000000001100011
00011000110001100011000010011100
00000110001100011000110001100011
00000000000000000000000000000100
00000000000000000000011111111111
00000000000000000000000000000000
00000000000000000000010000000000
00000000000000000000010010011100


@309
01010000000000000000000000000000
00010010011101000000000101100011
01011000110101100011010010011100
00010110001101011000110101100011
00000000000000111000111000111100
00000000000000000000011111111111
00000000000000000000000000000001
00000000000000000000010000000000
00000000000000000000010010011100


@312
10100000000000000000000000000000
00100010011110000000001001100011
10011000111001100011100010011100
00100110001110011000111001100011
00000000000001110001110001110100
00000000000000000000011111111111
00000000000000000000000000000010
00000000000000000000010000000000
00000000000000000000010010011100


@31b
11110000000000000000000000000000
00110010011111000000001110010011
11100001111110000111110010011100
00111001001111100100111110010011
00000000000010101010101010101100
00000000000000000000011111111111
00000000000000000000000000000011
00000000000000000000010000000000
00000000000000000000010010011100


@324
00000000000000000000000000000000
01000010011100000000000001100011
00011000110001100011000010011100
00000110001100011000110001100011
00000000000011100011100011100100
00000000000000000000011111111111
00000000000000000000000000000100
00000000000011100011110011100100
00000000000011100011110110000000


@32d
01010000000000000000000000000000
01010010011101000000000101100011
01011000110101100011010010011100
00010110001101011000110101100011
00000000000100011100011100100000
00000000000000000000011111111111
00000000000000000000000000000101
00000000000011100011110011100100
00000000000011100011110110000000


@336
10100000000000000000000000000000
01100010011110000000001001100011
10011000111001100011100010011100
00100110001110011000111001100011
00000000000101010101010101011000
00000000000000000000011111111111
00000000000000000000000000000110
00000000000011100011110011100100
00000000000011100011110110000000


@33f
11110000000000000000000000000000
01110010011111000000001110010011
11100001111110000111110010011100
00111001001111100100111110010011
00000000000110001110001110010000
00000000000000000000011111111111
00000000000000000000000000000111
00000000000011100011110011100100
00000000000011100011110110000000


@348
00000000000000000000000000000000
10000010011100000000000001100011
00011000110001100011000010011100
00000110001100011000110001100011
00000000000111000111000111001000
00000000000000000000011111111111
00000000000000000000000000001000
00000000000111000111010111001000
00000000000111000111011001100100


@351
01010000000000000000000000000000
10010010011101000000000101100011
01011000110101100011010010011100
00010110001101011000110101100011
00000000001000000000000000000100
00000000000000000000011111111111
00000000000000000000000000001001
00000000000111000111010111001000
00000000000111000111011001100100


@35a
10100000000000000000000000000000
10100010011110000000001001100011
10011000111001100011100010011100
00100110001110011000111001100011
00000000001000111000111000111100
00000000000000000000011111111111
00000000000000000000000000001010
00000000000111000111010111001000
00000000000111000111011001100100


@363
11110000000000000000000000000000
10110010011111000000001110101011
11100111111110011111110010011100
00111010101111100111111110011111
00000000001001110001110001110100
00000000000000001100000001001011
00000000000000000000000000001011
00000000000111000111010111001000
00000000000111000111011001100100


@36c
00000000000000000000000000000000
11000010011100000000000001100011
00011000110001100011000010011100
00000110001100011000110001100011
00000000001010101010101010101100
00000000000000000000011111111111
00000000000000000000000000001100
00000000001010101010111010101100
00000000001010101010111101001000


@375
01010000000000000000000000000000
11010010011101000000000101100011
01011000110101100011010010011100
00010110001101011000110101100011
00000000001011100011100011100100
00000000000000000000011111111111
00000000000000000000000000001101
00000000001010101010111010101100
00000000001010101010111101001000


@37e
10100000000000000000000000000000
11100010011110000000001001100011
10011000111001100011100010011100
00100110001110011000111001100011
00000000001100011100011100100000
00000000000000000000011111111111
00000000000000000000000000001110
00000000001010101010111010101100
00000000001010101010111101001000


@387
11110000000000000000000000000000
11110010011111000000001110010011
11100001111110000111110010011100
00111001001111100100111110010011
00000000001101010101010101011000
00000000000000000000011111111111
00000000000000000000000000001111
00000000001010101010111010101100
00000000001010101010111101001000


@390
00000000000000000000000000000000
00000010011100000000000001100011
00011000110001100011000010011101
00000110001100011000110001100011
00000000001110001110001110010000
00000000000000000000011111111111
00000000000000000000000000010000
00000000001110001110011110010000
00000000001110001110100000101100


@399
01010000000000000000000000000000
00010010011101000000000101100011
01011000110101100011010010011101
00010110001101011000110101100011
00000000001111000111000111001000
00000000000000000000011111111111
00000000000000000000000000010001
00000000001110001110011110010000
00000000001110001110100000101100


@3a2
10100000000000000000000000000000
00100010011110000000001001100011
10011000111001100011100010011101
00100110001110011000111001100011
00000000010000000000000000000100
00000000000000000000011111111111
00000000000000000000000000010010
00000000001110001110011110010000
00000000001110001110100000101100


@3ab
11110000000000000000000000000000
00110010011111000000001110011111
11100100111110010011110010011101
00111001111111100111111110011111
00000000010000111000111000111100
00000000000000000000011111111111
00000000000000000000000000010011
00000000001110001110011110010000
00000000001110001110100000101100


@3b4
00000000000000000000000000000000
01000010011100000000000001100011
00011000110001100011000010011101
00000110001100011000110001100011
00000000010001110001110001110100
00000000000000000000011111111111
00000000000000000000000000010100
00000000010001110010000001110100
00000000010001110010000100010000


@3bd
01010000000000000000000000000000
01010010011101000000000101100011
01011000110101100011010010011101
00010110001101011000110101100011
00000000010010101010101010101100
00000000000000000000011111111111
00000000000000000000000000010101
00000000010001110010000001110100
00000000010001110010000100010000


@3c6
10100000000000000000000000000000
01100010011110000000001001100011
10011000111001100011100010011101
00100110001110011000111001100011
00000000010011100011100011100100
00000000000000000000011111111111
00000000000000000000000000010110
00000000010001110010000001110100
00000000010001110010000100010000


@3cf
11110000000000000000000000000000
01110010011111000000001110110111
11101010111110101011110010011101
00111011011111101010111110101011
00000000010100011100011100100000
00000000000000001100000001101111
00000000000000000000000000010111
00000000010001110010000001110100
00000000010001110010000100010000


@3d8
00000000000000000000000000000000
10000010011100000000000001100011
00011000110001100011000010011101
00000110001100011000110001100011
00000000010101010101010101011000
00000000000000000000011111111111
00000000000000000000000000011000
00000000010101010101100101011000
00000000010101010101100111110100


@3e1
01010000000000000000000000000000
10010010011101000000000101100011
01011000110101100011010010011101
00010110001101011000110101100011
00000000010110001110001110010000
00000000000000000000011111111111
00000000000000000000000000011001
00000000010101010101100101011000
00000000010101010101100111110100


@3ea
10100000000000000000000000000000
10100010011110000000001001100011
10011000111001100011100010011101
00100110001110011000111001100011
00000000010111000111000111001000
00000000000000000000011111111111
00000000000000000000000000011010
00000000010101010101100101011000
00000000010101010101100111110100


@3f3
11110000000000000000000000000000
10110010011111000000001110011111
11100100111110010011110010011101
00111001111111100111111110011111
00000000011000000000000000000100
00000000000000000000011111111111
00000000000000000000000000011011
00000000010101010101100101011000
00000000010101010101100111110100


@3fc
00000000000000000000000000000000
11000010011100000000000001100011
00011000110001100011000010011101
00000110001100011000110001100011
00000000011000111000111000111100
00000000000000000000011111111111
00000000000000000000000000011100
00000000011000111001001000111000
00000000011000111001001011010100


@405
01010000000000000000000000000000
11010010011101000000000101100011
01011000110101100011010010011101
00010110001101011000110101100011
00000000011001110001110001110100
00000000000000000000011111111111
00000000000000000000000000011101
00000000011000111001001000111000
00000000011000111001001011010100


@40e
10100000000000000000000000000000
11100010011110000000001001100011
10011000111001100011100010011101
00100110001110011000111001100011
00000000011010101010101010101100
00000000000000000000011111111111
00000000000000000000000000011110
00000000011000111001001000111000
00000000011000111001001011010100


@417
11110000000000000000000000000000
11110010011111000000001110010011
11100001111110000111110010011101
00111001001111100100111110010011
00000000011011100011100011100100
00000000000000000000011111111111
00000000000000000000000000011111
00000000011000111001001000111000
00000000011000111001001011010100


@420
00000000000000000000000000000000
00000010011100000000000001100011
00011000110001100011000010011110
00000110001100011000110001100011
00000000011100011100011100100000
00000000000000000000011111111111
00000000000000000000000000100000
00000000011100011100101100011100
00000000011100011100101110111000


@429
01010000000000000000000000000000
00010010011101000000000101100011
01011000110101100011010010011110
00010110001101011000110101100011
00000000011101010101010101011000
00000000000000000000011111111111
00000000000000000000000000100001
00000000011100011100101100011100
00000000011100011100101110111000


@432
10100000000000000000000000000000
00100010011110000000001001100011
10011000111001100011100010011110
00100110001110011000111001100011
00000000011110001110001110010000
00000000000000000000011111111111
00000000000000000000000000100010
00000000011100011100101100011100
00000000011100011100101110111000


@43b
11110000000000000000000000000000
00110010011111000000001110110111
11101010111110101011110010011110
00111011011111101010111110101011
00000000011111000111000111001000
00000000000000001100000010010011
00000000000000000000000000100011
00000000011100011100101100011100
00000000011100011100101110111000


