29 4
19 24
19 25
15 3
20 3
17 10
13 10
20 30
19 3
19 10
15 20
3 10
19 5
23 3
3 25
20 25
17 3
24 10
3 15
17 3
10 12
10 19
11 20
3 13
25 18
10 24
10 13
14 1
3 17
14 3
3 25
3 10
14 19
25 3
17 19
3 12
10 3
3 10
15 17
26 19
16 3
25 1
10 19
3 10
25 14
10 15
3 31
3 25
8 10
1 17
3 25
29 13
5 17
5 2
23 10
27 3
3 14
3 25
19 24
25 29
25 27
10 26
16 8
21 3
17 25
20 19
11 19
3 13
24 15
18 24
3 25
5 14
10 29
17 5
24 20
3 26
17 24
3 19
16 7
14 5
10 29
10 19
15 8
24 25
24 10
3 7
3 24
10 17
10 3
15 21
25 14
26 13
10 26
26 19
10 3
3 19
3 21
3 17
24 3
17 14
29 3
3 29
25 3
19 17
20 10
19 15
16 3
15 21
19 3
19 31
3 7
3 24
24 3
3 2
24 3
17 3
25 17
6 3
3 21
27 24
5 3
17 25
24 15
7 25
3 19
19 7
3 25
19 24
27 17
24 6
25 10
25 10
24 19
25 22
19 3
21 17
16 8
3 15
17 25
17 3
17 15
10 17
13 20
19 3
24 3
23 17
19 10
13 24
19 5
31 3
25 3
15 17
20 3
3 10
5 8
13 24
17 29
5 26
25 3
3 15
24 3
13 24
20 14
25 17
21 10
29 25
19 3
19 10
19 25
15 29
3 7
8 7
3 24
17 7
27 3
13 3
7 24
24 19
3 25
3 17
19 3
3 25
10 2
10 24
24 17
15 10
20 7
25 19
25 7
19 10
21 5
17 31
21 3
26 25
3 29
25 24
14 25
27 3
25 10
19 3
17 3
6 17
24 3
25 3
19 5
26 24
29 19
10 3
3 13
17 14
19 25
2 21
10 25
3 25
13 10
19 26
25 19
24 14
17 20
26 16
14 17
7 19
3 1
20 3
9 21
25 3
3 17
10 7
8 20
3 7
19 3
10 13
17 3
3 19
10 3
3 19
24 3
3 15
10 22
10 15
19 13
10 19
24 25
19 3
29 7
19 3
3 26
3 24
3 19
25 3
3 15
15 25
20 7
26 3
1 25
29 24
27 25
25 24
24 3
17 19
3 27
3 20
20 19
10 31
11 0
3 17
3 17
19 7
31 25
3 24
3 25
7 16
19 24
7 19
20 5
3 21
31 3
3 10
17 19
3 2
3 10
3 25
25 19
3 9
19 2
10 24
19 3
17 26
10 8
21 24
24 29
15 25
3 25
24 17
3 29
3 5
17 19
3 24
3 14
25 1
17 18
10 3
25 7
17 5
14 17
24 22
23 7
7 10
3 7
5 8
17 3
25 15
29 24
17 15
25 3
26 24
5 10
11 25
7 25
13 17
3 9
19 3
17 7
19 15
0 3
27 13
26 3
23 21
21 19
7 17
19 3
3 0
17 3
24 17
29 13
3 24
17 16
26 25
14 20
3 14
10 7
14 17
10 3
20 24
3 25
24 10
3 19
10 15
3 19
27 3
15 3
17 21
29 3
15 17
19 3
25 3
24 29
10 3
10 5
24 3
27 17
19 0
27 20
8 3
17 25
10 3
17 24
19 3
3 10
3 20
3 10
24 25
29 3
10 3
12 14
21 3
24 28
17 3
17 24
17 19
24 25
19 1
24 14
6 10
19 3
25 19
27 3
10 13
25 19
3 24
3 2
25 10
24 17
17 21
13 25
19 13
3 2
19 7
24 3
15 25
27 21
3 21
18 24
18 25
19 14
18 19
3 24
16 3
3 20
25 3
14 25
3 21
13 7
3 20
25 24
26 3
14 3
27 16
14 3
25 17
3 26
3 19
14 19
13 10
7 3
25 20
24 3
10 17
18 17
3 24
5 3
3 15
14 25
3 17
14 24
3 25
6 19
