@300
00000000000000000000000000000000
00000001101000000000000000111110
00001111100000111110000001101000
00000011111000001111100000111110
00000000000000000000000000000100
00000000000000000000011111111111
00000000000000000000000000000000
00000000000000000000010000000000
00000000000000000000010001010000


@309
01010000000000000000000000000000
00010001101001000000000100111110
01001111100100111110010001101000
00010011111001001111100100111110
00000000000000010000000000000100
00000000000000000000011111111111
00000000000000000000000000000001
00000000000000000000010000000000
00000000000000000000010001010000


@312
10100000000000000000000000000000
00100001101010000000001001100010
10010101101001010110100001101000
00100110001010011000101001100010
00000000000000100000000000000100
00000000000000000000011111111111
00000000000000000000000000000010
00000000000000000000010000000000
00000000000000000000010001010000


@31b
00000000000000000000000000000000
01000001101000000000000000111110
00001111100000111110000001101000
00000011111000001111100000111110
00000000000000110000000000000100
00000000000000000000011111111111
00000000000000000000000000000011
00000000000000110000010000000000
00000000000000110000010001010000


@324
01010000000000000000000000000000
01010001101001000000000100111110
01001111100100111110010001101000
00010011111001001111100100111110
00000000000001000000000000000100
00000000000000000000011111111111
00000000000000000000000000000100
00000000000000110000010000000000
00000000000000110000010001010000


@32d
10100000000000000000000000000000
01100001101010000000001001100010
10010101101001010110100001101000
00100110001010011000101001100010
00000000000001010000000000000100
00000000000000000000011111111111
00000000000000000000000000000101
00000000000000110000010000000000
00000000000000110000010001010000


@336
00000000000000000000000000000000
10000001101000000000000000111110
00001111100000111110000001101000
00000011111000001111100000111110
00000000000001100000000000000100
00000000000000000000011111111111
00000000000000000000000000000110
00000000000001100000010000000000
00000000000001100000010001010000


@33f
01010000000000000000000000000000
10010001101001000000000100111110
01001111100100111110010001101000
00010011111001001111100100111110
00000000000001110000000000000100
00000000000000000000011111111111
00000000000000000000000000000111
00000000000001100000010000000000
00000000000001100000010001010000


@348
10100000000000000000000000000000
10100001101010000000001001100010
10010101101001010110100001101000
00100110001010011000101001100010
00000000000010000000000000000100
00000000000000000000011111111111
00000000000000000000000000001000
00000000000001100000010000000000
00000000000001100000010001010000


@351
00000000000000000000000000000000
11000001101000000000000000111110
00001111100000111110000001101000
00000011111000001111100000111110
00000000000010010000000000000100
00000000000000000000011111111111
00000000000000000000000000001001
00000000000010010000010000000000
00000000000010010000010001010000


@35a
01010000000000000000000000000000
11010001101001000000000100111110
01001111100100111110010001101000
00010011111001001111100100111110
00000000000010100000000000000100
00000000000000000000011111111111
00000000000000000000000000001010
00000000000010010000010000000000
00000000000010010000010001010000


@363
10100000000000000000000000000000
11100001101010000000001010000110
10011110101001111010100001101000
00101000011010011110101001111010
00000000000010110000000000000100
00000000000000010010000100000000
00000000000000000000000000001011
00000000000010010000010000000000
00000000000010010000010001010000


@36c
00000000000000000000000000000000
00000001101000000000000000111110
00001111100000111110000001101001
00000011111000001111100000111110
00000000000011000000000000000100
00000000000000000000011111111111
00000000000000000000000000001100
00000000000011000000010000000000
00000000000011000000010001010000


@375
01010000000000000000000000000000
00010001101001000000000100111110
01001111100100111110010001101001
00010011111001001111100100111110
00000000000011010000000000000100
00000000000000000000011111111111
00000000000000000000000000001101
00000000000011000000010000000000
00000000000011000000010001010000


@37e
10100000000000000000000000000000
00100001101010000000001001101110
10011000101001100010100001101001
00100110111010011011101001101110
00000000000011100000000000000100
00000000000000000000011111111111
00000000000000000000000000001110
00000000000011000000010000000000
00000000000011000000010001010000


@387
00000000000000000000000000000000
01000001101000000000000000111110
00001111100000111110000001101001
00000011111000001111100000111110
00000000000011110000000000000100
00000000000000000000011111111111
00000000000000000000000000001111
00000000000011110000010000000000
00000000000011110000010001010000


@390
01010000000000000000000000000000
01010001101001000000000100111110
01001111100100111110010001101001
00010011111001001111100100111110
00000000000100000000000000000100
00000000000000000000011111111111
00000000000000000000000000010000
00000000000011110000010000000000
00000000000011110000010001010000


@399
10100000000000000000000000000000
01100001101010000000001001100010
10010101101001010110100001101001
00100110001010011000101001100010
00000000000100010000000000000100
00000000000000000000011111111111
00000000000000000000000000010001
00000000000011110000010000000000
00000000000011110000010001010000


@3a2
00000000000000000000000000000000
10000001101000000000000000111110
00001111100000111110000001101001
00000011111000001111100000111110
00000000000100100000000000000100
00000000000000000000011111111111
00000000000000000000000000010010
00000000000100100000010000000000
00000000000100100000010001010000


@3ab
01010000000000000000000000000000
10010001101001000000000100111110
01001111100100111110010001101001
00010011111001001111100100111110
00000000000100110000000000000100
00000000000000000000011111111111
00000000000000000000000000010011
00000000000100100000010000000000
00000000000100100000010001010000


@3b4
10100000000000000000000000000000
10100001101010000000001001101110
10011000101001100010100001101001
00100110111010011011101001101110
00000000000101000000000000000100
00000000000000000000011111111111
00000000000000000000000000010100
00000000000100100000010000000000
00000000000100100000010001010000


@3bd
00000000000000000000000000000000
11000001101000000000000000111110
00001111100000111110000001101001
00000011111000001111100000111110
00000000000101010000000000000100
00000000000000000000011111111111
00000000000000000000000000010101
00000000000101010000010000000000
00000000000101010000010001010000


@3c6
01010000000000000000000000000000
11010001101001000000000100111110
01001111100100111110010001101001
00010011111001001111100100111110
00000000000101100000000000000100
00000000000000000000011111111111
00000000000000000000000000010110
00000000000101010000010000000000
00000000000101010000010001010000


@3cf
10100000000000000000000000000000
11100001101010000000001010101010
10100111101010011110100001101001
00101010101010100111101010011110
00000000000101110000000000000100
00000000000000010010000100111100
00000000000000000000000000010111
00000000000101010000010000000000
00000000000101010000010001010000


