10001111011000000000000000000000
00010001110100111101100101110001
01011100010101110001010001110100
00010111000101011100010101110001
00000000000000000000001000000000
00000000010000000000011111111111
00000000000000000000000000000010
00000000000000000000101000000000
00000000000000000000101000000000
00000000000000000000000000000000
00000000000000000000000000000000
00000000000000000000000000000000
00000000000000000000000000000000
00000000000000000000000000000000
00000000000000000000000000000000
00000000000000000000000000000000
00000000000000000000000000000000
00000000000000000000000000000000
00000000000000000000000000000000
00000000000000000000000000000000
00000000000000000000000000000000
00000000000000000000000000000000
00000000000000000000000000000000
