00000000000000000000000000000000
01000010011100000000000001111011
00011110110001111011000010011100
00000111101100011110110001111011
00000000000000000000010000000000
00000000010000000000011111111111
00000000000000000000000000000100
00000000000000000000110000000000
00000000000000000000110000000000
00000000000000000000000000000000
00000000000000000000000000000000
00000000000000000000000000000000
00000000000000000000000000000000
00000000000000000000000000000000
00000000000000000000000000000000
00000000000000000000000000000000
00000000000000000000000000000000
00000000000000000000000000000000
00000000000000000000000000000000
00000000000000000000000000000000
00000000000000000000000000000000
00000000000000000000000000000000
00000000000000000000000000000000
