01000111101100000000000000000000
00001010001000011110110011110110
00111101100011110110001010001000
00001111011000111101100011110110
00000000000000000000000100000000
00000000010000000000011111111111
00000000000000000000000000000001
00000000000000000000100100000000
00000000000000000000100100000000
00000000000000000000000000000000
00000000000000000000000000000000
00000000000000000000000000000000
00000000000000000000000000000000
00000000000000000000000000000000
00000000000000000000000000000000
00000000000000000000000000000000
00000000000000000000000000000000
00000000000000000000000000000000
00000000000000000000000000000000
00000000000000000000000000000000
00000000000000000000000000000000
00000000000000000000000000000000
00000000000000000000000000000000
