01000111101100000000000000000000
01001010001000011110110011110110
00111101100011110110001010001000
00001111011000111101100011110110
00000000000000000000010100000000
00000000010000000000011111111111
00000000000000000000000000000101
00000000000000000000110100000000
00000000000000000000110100000000
00000000000000000000000000000000
00000000000000000000000000000000
00000000000000000000000000000000
00000000000000000000000000000000
00000000000000000000000000000000
00000000000000000000000000000000
00000000000000000000000000000000
00000000000000000000000000000000
00000000000000000000000000000000
00000000000000000000000000000000
00000000000000000000000000000000
00000000000000000000000000000000
00000000000000000000000000000000
00000000000000000000000000000000
