11010111000100000000000000000000
01011001100001011100011001001100
10010000001001000000011001100000
00100100110010010000001001000000
00000000000000000000011100000000
00000000010000000110000001001011
00000000000000000000000000000111
00000000000000000000111100000000
00000000000000000000111100000000
00000000000000000000000000000000
00000000000000000000000000000000
00000000000000000000000000000000
00000000000000000000000000000000
00000000000000000000000000000000
00000000000000000000000000000000
00000000000000000000000000000000
00000000000000000000000000000000
00000000000000000000000000000000
00000000000000000000000000000000
00000000000000000000000000000000
00000000000000000000000000000000
00000000000000000000000000000000
00000000000000000000000000000000
