11010111000100000000000000000000
00011001100001011100011001000000
10001101001000110100011001100000
00100100000010010000001001000000
00000000000000000000001100000000
00000000010000000000011111111111
00000000000000000000000000000011
00000000000000000000101100000000
00000000000000000000101100000000
00000000000000000000000000000000
00000000000000000000000000000000
00000000000000000000000000000000
00000000000000000000000000000000
00000000000000000000000000000000
00000000000000000000000000000000
00000000000000000000000000000000
00000000000000000000000000000000
00000000000000000000000000000000
00000000000000000000000000000000
00000000000000000000000000000000
00000000000000000000000000000000
00000000000000000000000000000000
00000000000000000000000000000000
