@400
//exeblock0
00000000000000000000000000000000
1010000000000000
00000000000000000000100000000000
1010000000000010
00000000000000000001000000000000
1010000000000100
00000000000000000001100000000000
1010000000000110
00000000000000000010000000000000
1010010000001000
00000000000000000010100000000000
1010010000001010
00000000000000000011000000000000
1010010000001100
00000000000000000011100000000000
1010010000001110
00000000000000000100000000000000
1010010000010000
00000000000000000100100000000000
1010010000010010
00000000000000000101000000000000
1010010000010100
00000000000000000101100000000000
1010010000010110
00000000000000000110000000000000
1010010000011000
00000000000000000110100000000000
1010010000011010
00000000000000000111000000000000
1010010000011100
00000000000000000111100000000000
1010010000011110
10000001000100000010000000000000
0010000000000000
10000001110100000011100000000000
0010000000000010
10000010100100000101000000000000
0010000000000100
10000011010100000110100000000000
0010000000000110
00000000000000000000000000000000
1000010000001000
10000001110100000011100000000000
0000010000001000
00000000000000000000000000000000
1000010000001110
10000010100100000101000000000000
0000010000001110
00000000000000000000000000000000
1000010000010100
10000011010100000110100000000000
0000010000010100
10000001010100000010100000000000
0010000000000000
10000010000100000100000000000000
0010000000000010
10000010110100000101100000000000
0010000000000100
10000011100100000111000000000000
0010000000000110
00000000000000000000000000000000
1000010000001010
10000010000100000100000000000000
0000010000001010
00000000000000000000000000000000
1000010000010000
10000010110100000101100000000000
0000010000010000
00000000000000000000000000000000
1000010000010110
10000011100100000111000000000000
0000010000010110
10000001100100000011000000000000
0010000000000000
10000010010100000100100000000000
0010000000000010
10000011000100000110000000000000
0010000000000100
10000011110100000111100000000000
0010000000000110
00000000000000000000000000000000
1000010000001100
10000010010100000100100000000000
0000010000001100
00000000000000000000000000000000
1000010000010010
10000011000100000110000000000000
0000010000010010
00000000000000000000000000000000
1000010000011000
10000011110100000111100000000000
0000010000011000
//exeblock1
00000000000000001000000000000000
1010000000001000
00000000000000001000100000000000
1010000000001010
00000000000000001001000000000000
1010000000001100
00000000000000001001100000000000
1010000000001110
00000000000000001010000000000000
1010010000100000
00000000000000001010100000000000
1010010000100010
00000000000000001011000000000000
1010010000100100
00000000000000001011100000000000
1010010000100110
00000000000000001100000000000000
1010010000101000
00000000000000001100100000000000
1010010000101010
00000000000000001101000000000000
1010010000101100
00000000000000001101100000000000
1010010000101110
00000000000000001110000000000000
1010010000110000
00000000000000001110100000000000
1010010000110010
00000000000000001111000000000000
1010010000110100
00000000000000001111100000000000
1010010000110110
10000100000100001000000000000000
0010000000001000
10000100110100001001100000000000
0010000000001010
10000101100100001011000000000000
0010000000001100
10000110010100001100100000000000
0010000000001110
00000000000000000000000000000000
1000010000100000
10000100110100001001100000000000
0000010000100000
00000000000000000000000000000000
1000010000100110
10000101100100001011000000000000
0000010000100110
00000000000000000000000000000000
1000010000101100
10000110010100001100100000000000
0000010000101100
10000100010100001000100000000000
0010000000001000
10000101000100001010000000000000
0010000000001010
10000101110100001011100000000000
0010000000001100
10000110100100001101000000000000
0010000000001110
00000000000000000000000000000000
1000010000100010
10000101000100001010000000000000
0000010000100010
00000000000000000000000000000000
1000010000101000
10000101110100001011100000000000
0000010000101000
00000000000000000000000000000000
1000010000101110
10000110100100001101000000000000
0000010000101110
10000100100100001001000000000000
0010000000001000
10000101010100001010100000000000
0010000000001010
10000110000100001100000000000000
0010000000001100
10000110110100001101100000000000
0010000000001110
00000000000000000000000000000000
1000010000100100
10000101010100001010100000000000
0000010000100100
00000000000000000000000000000000
1000010000101010
10000110000100001100000000000000
0000010000101010
00000000000000000000000000000000
1000010000110000
10000110110100001101100000000000
0000010000110000
//exeblock2
00000000000000010000000000000000
1010000000010000
00000000000000010000100000000000
1010000000010010
00000000000000010001000000000000
1010000000010100
00000000000000010001100000000000
1010000000010110
00000000000000010010000000000000
1010010000111000
00000000000000010010100000000000
1010010000111010
00000000000000010011000000000000
1010010000111100
00000000000000010011100000000000
1010010000111110
00000000000000010100000000000000
1010010001000000
00000000000000010100100000000000
1010010001000010
00000000000000010101000000000000
1010010001000100
00000000000000010101100000000000
1010010001000110
00000000000000010110000000000000
1010010001001000
00000000000000010110100000000000
1010010001001010
00000000000000010111000000000000
1010010001001100
00000000000000010111100000000000
1010010001001110
10000111000100001110000000000000
0010000000010000
10000111110100001111100000000000
0010000000010010
10001000100100010001000000000000
0010000000010100
10001001010100010010100000000000
0010000000010110
00000000000000000000000000000000
1000010000111000
10000111110100001111100000000000
0000010000111000
00000000000000000000000000000000
1000010000111110
10001000100100010001000000000000
0000010000111110
00000000000000000000000000000000
1000010001000100
10001001010100010010100000000000
0000010001000100
10000111010100001110100000000000
0010000000010000
10001000000100010000000000000000
0010000000010010
10001000110100010001100000000000
0010000000010100
10001001100100010011000000000000
0010000000010110
00000000000000000000000000000000
1000010000111010
10001000000100010000000000000000
0000010000111010
00000000000000000000000000000000
1000010001000000
10001000110100010001100000000000
0000010001000000
00000000000000000000000000000000
1000010001000110
10001001100100010011000000000000
0000010001000110
10000111100100001111000000000000
0010000000010000
10001000010100010000100000000000
0010000000010010
10001001000100010010000000000000
0010000000010100
10001001110100010011100000000000
0010000000010110
00000000000000000000000000000000
1000010000111100
10001000010100010000100000000000
0000010000111100
00000000000000000000000000000000
1000010001000010
10001001000100010010000000000000
0000010001000010
00000000000000000000000000000000
1000010001001000
10001001110100010011100000000000
0000010001001000
//exeblock3
00000000000000011000000000000000
1010000000011000
00000000000000011000100000000000
1010000000011010
00000000000000011001000000000000
1010000000011100
00000000000000011001100000000000
1010000000011110
00000000000000011010000000000000
1010010001010000
00000000000000011010100000000000
1010010001010010
00000000000000011011000000000000
1010010001010100
00000000000000011011100000000000
1010010001010110
00000000000000011100000000000000
1010010001011000
00000000000000011100100000000000
1010010001011010
00000000000000011101000000000000
1010010001011100
00000000000000011101100000000000
1010010001011110
00000000000000011110000000000000
1010010001100000
00000000000000011110100000000000
1010010001100010
00000000000000011111000000000000
1010010001100100
00000000000000011111100000000000
1010010001100110
10001010000100010100000000000000
0010000000011000
10001010110100010101100000000000
0010000000011010
10001011100100010111000000000000
0010000000011100
10001100010100011000100000000000
0010000000011110
00000000000000000000000000000000
1000010001010000
10001010110100010101100000000000
0000010001010000
00000000000000000000000000000000
1000010001010110
10001011100100010111000000000000
0000010001010110
00000000000000000000000000000000
1000010001011100
10001100010100011000100000000000
0000010001011100
10001010010100010100100000000000
0010000000011000
10001011000100010110000000000000
0010000000011010
10001011110100010111100000000000
0010000000011100
10001100100100011001000000000000
0010000000011110
00000000000000000000000000000000
1000010001010010
10001011000100010110000000000000
0000010001010010
00000000000000000000000000000000
1000010001011000
10001011110100010111100000000000
0000010001011000
00000000000000000000000000000000
1000010001011110
10001100100100011001000000000000
0000010001011110
10001010100100010101000000000000
0010000000011000
10001011010100010110100000000000
0010000000011010
10001100000100011000000000000000
0010000000011100
10001100110100011001100000000000
0010000000011110
00000000000000000000000000000000
1000010001010100
10001011010100010110100000000000
0000010001010100
00000000000000000000000000000000
1000010001011010
10001100000100011000000000000000
0000010001011010
00000000000000000000000000000000
1000010001100000
10001100110100011001100000000000
0000010001100000
00000000000000000000000000000000
1000010001100010
10000011010100011000100000000000
0000010001100010
00000000000000000000000000000000
1000010001100100
10000011100100011001000000000000
0000010001100100
00000000000000000000000000000000
1000010001100110
10000011110100011001100000000000
0000010001100110
00000000000000000000000000000000
1000010001100010
10000110010100011000100000000000
0000010001100010
00000000000000000000000000000000
1000010001100100
10000110100100011001000000000000
0000010001100100
00000000000000000000000000000000
1000010001100110
10000110110100011001100000000000
0000010001100110
00000000000000000000000000000000
1000010001100010
10001001010100011000100000000000
0000010001100010
00000000000000000000000000000000
1000010001100100
10001001100100011001000000000000
0000010001100100
00000000000000000000000000000000
1000010001100110
10001001110100011001100000000000
0000010001100110
00000110010000000001000000000000
1011010001100010
00000110100000000001000000000000
1011010001100100
00000110110000000001000000000000
1011010001100110
//exeblock4
00000000000000000000000000000000
1010000000000000
00000000000000000000100000000000
1010000000000010
00000000000000000001000000000000
1010000000000100
00000000000000000001100000000000
1010000000000110
00000000000000000010000000000000
1010010000001000
00000000000000000010100000000000
1010010000001010
00000000000000000011000000000000
1010010000001100
00000000000000000011100000000000
1010010000001110
00000000000000000100000000000000
1010010000010000
00000000000000000100100000000000
1010010000010010
00000000000000000101000000000000
1010010000010100
00000000000000000101100000000000
1010010000010110
00000000000000000110000000000000
1010010000011000
00000000000000000110100000000000
1010010000011010
00000000000000000111000000000000
1010010000011100
00000000000000000111100000000000
1010010000011110
10000001000100000010000000000000
0010000000000000
10000001110100000011100000000000
0010000000000010
10000010100100000101000000000000
0010000000000100
10000011010100000110100000000000
0010000000000110
00000000000000000000000000000000
1000010000001000
10000001110100000011100000000000
0000010000001000
00000000000000000000000000000000
1000010000001110
10000010100100000101000000000000
0000010000001110
00000000000000000000000000000000
1000010000010100
10000011010100000110100000000000
0000010000010100
10000001010100000010100000000000
0010000000000000
10000010000100000100000000000000
0010000000000010
10000010110100000101100000000000
0010000000000100
10000011100100000111000000000000
0010000000000110
00000000000000000000000000000000
1000010000001010
10000010000100000100000000000000
0000010000001010
00000000000000000000000000000000
1000010000010000
10000010110100000101100000000000
0000010000010000
00000000000000000000000000000000
1000010000010110
10000011100100000111000000000000
0000010000010110
10000001100100000011000000000000
0010000000000000
10000010010100000100100000000000
0010000000000010
10000011000100000110000000000000
0010000000000100
10000011110100000111100000000000
0010000000000110
00000000000000000000000000000000
1000010000001100
10000010010100000100100000000000
0000010000001100
00000000000000000000000000000000
1000010000010010
10000011000100000110000000000000
0000010000010010
00000000000000000000000000000000
1000010000011000
10000011110100000111100000000000
0000010000011000
//exeblock5
00000000000000001000000000000000
1010000000001000
00000000000000001000100000000000
1010000000001010
00000000000000001001000000000000
1010000000001100
00000000000000001001100000000000
1010000000001110
00000000000000001010000000000000
1010010000100000
00000000000000001010100000000000
1010010000100010
00000000000000001011000000000000
1010010000100100
00000000000000001011100000000000
1010010000100110
00000000000000001100000000000000
1010010000101000
00000000000000001100100000000000
1010010000101010
00000000000000001101000000000000
1010010000101100
00000000000000001101100000000000
1010010000101110
00000000000000001110000000000000
1010010000110000
00000000000000001110100000000000
1010010000110010
00000000000000001111000000000000
1010010000110100
00000000000000001111100000000000
1010010000110110
10000100000100001000000000000000
0010000000001000
10000100110100001001100000000000
0010000000001010
10000101100100001011000000000000
0010000000001100
10000110010100001100100000000000
0010000000001110
00000000000000000000000000000000
1000010000100000
10000100110100001001100000000000
0000010000100000
00000000000000000000000000000000
1000010000100110
10000101100100001011000000000000
0000010000100110
00000000000000000000000000000000
1000010000101100
10000110010100001100100000000000
0000010000101100
10000100010100001000100000000000
0010000000001000
10000101000100001010000000000000
0010000000001010
10000101110100001011100000000000
0010000000001100
10000110100100001101000000000000
0010000000001110
00000000000000000000000000000000
1000010000100010
10000101000100001010000000000000
0000010000100010
00000000000000000000000000000000
1000010000101000
10000101110100001011100000000000
0000010000101000
00000000000000000000000000000000
1000010000101110
10000110100100001101000000000000
0000010000101110
10000100100100001001000000000000
0010000000001000
10000101010100001010100000000000
0010000000001010
10000110000100001100000000000000
0010000000001100
10000110110100001101100000000000
0010000000001110
00000000000000000000000000000000
1000010000100100
10000101010100001010100000000000
0000010000100100
00000000000000000000000000000000
1000010000101010
10000110000100001100000000000000
0000010000101010
00000000000000000000000000000000
1000010000110000
10000110110100001101100000000000
0000010000110000
//exeblock6
00000000000000010000000000000000
1010000000010000
00000000000000010000100000000000
1010000000010010
00000000000000010001000000000000
1010000000010100
00000000000000010001100000000000
1010000000010110
00000000000000010010000000000000
1010010000111000
00000000000000010010100000000000
1010010000111010
00000000000000010011000000000000
1010010000111100
00000000000000010011100000000000
1010010000111110
00000000000000010100000000000000
1010010001000000
00000000000000010100100000000000
1010010001000010
00000000000000010101000000000000
1010010001000100
00000000000000010101100000000000
1010010001000110
00000000000000010110000000000000
1010010001001000
00000000000000010110100000000000
1010010001001010
00000000000000010111000000000000
1010010001001100
00000000000000010111100000000000
1010010001001110
10000111000100001110000000000000
0010000000010000
10000111110100001111100000000000
0010000000010010
10001000100100010001000000000000
0010000000010100
10001001010100010010100000000000
0010000000010110
00000000000000000000000000000000
1000010000111000
10000111110100001111100000000000
0000010000111000
00000000000000000000000000000000
1000010000111110
10001000100100010001000000000000
0000010000111110
00000000000000000000000000000000
1000010001000100
10001001010100010010100000000000
0000010001000100
10000111010100001110100000000000
0010000000010000
10001000000100010000000000000000
0010000000010010
10001000110100010001100000000000
0010000000010100
10001001100100010011000000000000
0010000000010110
00000000000000000000000000000000
1000010000111010
10001000000100010000000000000000
0000010000111010
00000000000000000000000000000000
1000010001000000
10001000110100010001100000000000
0000010001000000
00000000000000000000000000000000
1000010001000110
10001001100100010011000000000000
0000010001000110
10000111100100001111000000000000
0010000000010000
10001000010100010000100000000000
0010000000010010
10001001000100010010000000000000
0010000000010100
10001001110100010011100000000000
0010000000010110
00000000000000000000000000000000
1000010000111100
10001000010100010000100000000000
0000010000111100
00000000000000000000000000000000
1000010001000010
10001001000100010010000000000000
0000010001000010
00000000000000000000000000000000
1000010001001000
10001001110100010011100000000000
0000010001001000
//exeblock7
00000000000000011000000000000000
1010000000011000
00000000000000011000100000000000
1010000000011010
00000000000000011001000000000000
1010000000011100
00000000000000011001100000000000
1010000000011110
00000000000000011010000000000000
1010010001010000
00000000000000011010100000000000
1010010001010010
00000000000000011011000000000000
1010010001010100
00000000000000011011100000000000
1010010001010110
00000000000000011100000000000000
1010010001011000
00000000000000011100100000000000
1010010001011010
00000000000000011101000000000000
1010010001011100
00000000000000011101100000000000
1010010001011110
00000000000000011110000000000000
1010010001100000
00000000000000011110100000000000
1010010001100010
00000000000000011111000000000000
1010010001100100
00000000000000011111100000000000
1010010001100110
10001010000100010100000000000000
0010000000011000
10001010110100010101100000000000
0010000000011010
10001011100100010111000000000000
0010000000011100
10001100010100011000100000000000
0010000000011110
00000000000000000000000000000000
1000010001010000
10001010110100010101100000000000
0000010001010000
00000000000000000000000000000000
1000010001010110
10001011100100010111000000000000
0000010001010110
00000000000000000000000000000000
1000010001011100
10001100010100011000100000000000
0000010001011100
10001010010100010100100000000000
0010000000011000
10001011000100010110000000000000
0010000000011010
10001011110100010111100000000000
0010000000011100
10001100100100011001000000000000
0010000000011110
00000000000000000000000000000000
1000010001010010
10001011000100010110000000000000
0000010001010010
00000000000000000000000000000000
1000010001011000
10001011110100010111100000000000
0000010001011000
00000000000000000000000000000000
1000010001011110
10001100100100011001000000000000
0000010001011110
10001010100100010101000000000000
0010000000011000
10001011010100010110100000000000
0010000000011010
10001100000100011000000000000000
0010000000011100
10001100110100011001100000000000
0010000000011110
00000000000000000000000000000000
1000010001010100
10001011010100010110100000000000
0000010001010100
00000000000000000000000000000000
1000010001011010
10001100000100011000000000000000
0000010001011010
00000000000000000000000000000000
1000010001100000
10001100110100011001100000000000
0000010001100000
00000000000000000000000000000000
1000010001100010
10000011010100011000100000000000
0000010001100010
00000000000000000000000000000000
1000010001100100
10000011100100011001000000000000
0000010001100100
00000000000000000000000000000000
1000010001100110
10000011110100011001100000000000
0000010001100110
00000000000000000000000000000000
1000010001100010
10000110010100011000100000000000
0000010001100010
00000000000000000000000000000000
1000010001100100
10000110100100011001000000000000
0000010001100100
00000000000000000000000000000000
1000010001100110
10000110110100011001100000000000
0000010001100110
00000000000000000000000000000000
1000010001100010
10001001010100011000100000000000
0000010001100010
00000000000000000000000000000000
1000010001100100
10001001100100011001000000000000
0000010001100100
00000000000000000000000000000000
1000010001100110
10001001110100011001100000000000
0000010001100110
00000111000000000001000000000000
1011010001100010
00000111010000000001000000000000
1011010001100100
00000111100000000001000000000000
1011010001100110
//exeblock8
00000000000000000000000000000000
1010000000000000
00000000000000000000100000000000
1010000000000010
00000000000000000001000000000000
1010000000000100
00000000000000000001100000000000
1010000000000110
00000000000000000010000000000000
1010010000001000
00000000000000000010100000000000
1010010000001010
00000000000000000011000000000000
1010010000001100
00000000000000000011100000000000
1010010000001110
00000000000000000100000000000000
1010010000010000
00000000000000000100100000000000
1010010000010010
00000000000000000101000000000000
1010010000010100
00000000000000000101100000000000
1010010000010110
00000000000000000110000000000000
1010010000011000
00000000000000000110100000000000
1010010000011010
00000000000000000111000000000000
1010010000011100
00000000000000000111100000000000
1010010000011110
10000001000100000010000000000000
0010000000000000
10000001110100000011100000000000
0010000000000010
10000010100100000101000000000000
0010000000000100
10000011010100000110100000000000
0010000000000110
00000000000000000000000000000000
1000010000001000
10000001110100000011100000000000
0000010000001000
00000000000000000000000000000000
1000010000001110
10000010100100000101000000000000
0000010000001110
00000000000000000000000000000000
1000010000010100
10000011010100000110100000000000
0000010000010100
10000001010100000010100000000000
0010000000000000
10000010000100000100000000000000
0010000000000010
10000010110100000101100000000000
0010000000000100
10000011100100000111000000000000
0010000000000110
00000000000000000000000000000000
1000010000001010
10000010000100000100000000000000
0000010000001010
00000000000000000000000000000000
1000010000010000
10000010110100000101100000000000
0000010000010000
00000000000000000000000000000000
1000010000010110
10000011100100000111000000000000
0000010000010110
10000001100100000011000000000000
0010000000000000
10000010010100000100100000000000
0010000000000010
10000011000100000110000000000000
0010000000000100
10000011110100000111100000000000
0010000000000110
00000000000000000000000000000000
1000010000001100
10000010010100000100100000000000
0000010000001100
00000000000000000000000000000000
1000010000010010
10000011000100000110000000000000
0000010000010010
00000000000000000000000000000000
1000010000011000
10000011110100000111100000000000
0000010000011000
//exeblock9
00000000000000001000000000000000
1010000000001000
00000000000000001000100000000000
1010000000001010
00000000000000001001000000000000
1010000000001100
00000000000000001001100000000000
1010000000001110
00000000000000001010000000000000
1010010000100000
00000000000000001010100000000000
1010010000100010
00000000000000001011000000000000
1010010000100100
00000000000000001011100000000000
1010010000100110
00000000000000001100000000000000
1010010000101000
00000000000000001100100000000000
1010010000101010
00000000000000001101000000000000
1010010000101100
00000000000000001101100000000000
1010010000101110
00000000000000001110000000000000
1010010000110000
00000000000000001110100000000000
1010010000110010
00000000000000001111000000000000
1010010000110100
00000000000000001111100000000000
1010010000110110
10000100000100001000000000000000
0010000000001000
10000100110100001001100000000000
0010000000001010
10000101100100001011000000000000
0010000000001100
10000110010100001100100000000000
0010000000001110
00000000000000000000000000000000
1000010000100000
10000100110100001001100000000000
0000010000100000
00000000000000000000000000000000
1000010000100110
10000101100100001011000000000000
0000010000100110
00000000000000000000000000000000
1000010000101100
10000110010100001100100000000000
0000010000101100
10000100010100001000100000000000
0010000000001000
10000101000100001010000000000000
0010000000001010
10000101110100001011100000000000
0010000000001100
10000110100100001101000000000000
0010000000001110
00000000000000000000000000000000
1000010000100010
10000101000100001010000000000000
0000010000100010
00000000000000000000000000000000
1000010000101000
10000101110100001011100000000000
0000010000101000
00000000000000000000000000000000
1000010000101110
10000110100100001101000000000000
0000010000101110
10000100100100001001000000000000
0010000000001000
10000101010100001010100000000000
0010000000001010
10000110000100001100000000000000
0010000000001100
10000110110100001101100000000000
0010000000001110
00000000000000000000000000000000
1000010000100100
10000101010100001010100000000000
0000010000100100
00000000000000000000000000000000
1000010000101010
10000110000100001100000000000000
0000010000101010
00000000000000000000000000000000
1000010000110000
10000110110100001101100000000000
0000010000110000
//exeblock10
00000000000000010000000000000000
1010000000010000
00000000000000010000100000000000
1010000000010010
00000000000000010001000000000000
1010000000010100
00000000000000010001100000000000
1010000000010110
00000000000000010010000000000000
1010010000111000
00000000000000010010100000000000
1010010000111010
00000000000000010011000000000000
1010010000111100
00000000000000010011100000000000
1010010000111110
00000000000000010100000000000000
1010010001000000
00000000000000010100100000000000
1010010001000010
00000000000000010101000000000000
1010010001000100
00000000000000010101100000000000
1010010001000110
00000000000000010110000000000000
1010010001001000
00000000000000010110100000000000
1010010001001010
00000000000000010111000000000000
1010010001001100
00000000000000010111100000000000
1010010001001110
10000111000100001110000000000000
0010000000010000
10000111110100001111100000000000
0010000000010010
10001000100100010001000000000000
0010000000010100
10001001010100010010100000000000
0010000000010110
00000000000000000000000000000000
1000010000111000
10000111110100001111100000000000
0000010000111000
00000000000000000000000000000000
1000010000111110
10001000100100010001000000000000
0000010000111110
00000000000000000000000000000000
1000010001000100
10001001010100010010100000000000
0000010001000100
10000111010100001110100000000000
0010000000010000
10001000000100010000000000000000
0010000000010010
10001000110100010001100000000000
0010000000010100
10001001100100010011000000000000
0010000000010110
00000000000000000000000000000000
1000010000111010
10001000000100010000000000000000
0000010000111010
00000000000000000000000000000000
1000010001000000
10001000110100010001100000000000
0000010001000000
00000000000000000000000000000000
1000010001000110
10001001100100010011000000000000
0000010001000110
10000111100100001111000000000000
0010000000010000
10001000010100010000100000000000
0010000000010010
10001001000100010010000000000000
0010000000010100
10001001110100010011100000000000
0010000000010110
00000000000000000000000000000000
1000010000111100
10001000010100010000100000000000
0000010000111100
00000000000000000000000000000000
1000010001000010
10001001000100010010000000000000
0000010001000010
00000000000000000000000000000000
1000010001001000
10001001110100010011100000000000
0000010001001000
//exeblock11
00000000000000011000000000000000
1010000000011000
00000000000000011000100000000000
1010000000011010
00000000000000011001000000000000
1010000000011100
00000000000000011001100000000000
1010000000011110
00000000000000011010000000000000
1010010001010000
00000000000000011010100000000000
1010010001010010
00000000000000011011000000000000
1010010001010100
00000000000000011011100000000000
1010010001010110
00000000000000011100000000000000
1010010001011000
00000000000000011100100000000000
1010010001011010
00000000000000011101000000000000
1010010001011100
00000000000000011101100000000000
1010010001011110
00000000000000011110000000000000
1010010001100000
00000000000000011110100000000000
1010010001100010
00000000000000011111000000000000
1010010001100100
00000000000000011111100000000000
1010010001100110
10001010000100010100000000000000
0010000000011000
10001010110100010101100000000000
0010000000011010
10001011100100010111000000000000
0010000000011100
10001100010100011000100000000000
0010000000011110
00000000000000000000000000000000
1000010001010000
10001010110100010101100000000000
0000010001010000
00000000000000000000000000000000
1000010001010110
10001011100100010111000000000000
0000010001010110
00000000000000000000000000000000
1000010001011100
10001100010100011000100000000000
0000010001011100
10001010010100010100100000000000
0010000000011000
10001011000100010110000000000000
0010000000011010
10001011110100010111100000000000
0010000000011100
10001100100100011001000000000000
0010000000011110
00000000000000000000000000000000
1000010001010010
10001011000100010110000000000000
0000010001010010
00000000000000000000000000000000
1000010001011000
10001011110100010111100000000000
0000010001011000
00000000000000000000000000000000
1000010001011110
10001100100100011001000000000000
0000010001011110
10001010100100010101000000000000
0010000000011000
10001011010100010110100000000000
0010000000011010
10001100000100011000000000000000
0010000000011100
10001100110100011001100000000000
0010000000011110
00000000000000000000000000000000
1000010001010100
10001011010100010110100000000000
0000010001010100
00000000000000000000000000000000
1000010001011010
10001100000100011000000000000000
0000010001011010
00000000000000000000000000000000
1000010001100000
10001100110100011001100000000000
0000010001100000
00000110010100011000100000000000
0000010001100010
00000110100100011001000000000000
0000010001100100
00000110110100011001100000000000
0000010001100110
00000111000100011000100000000000
0000010001100010
00000111010100011001000000000000
0000010001100100
00000111100100011001100000000000
0000010001100110
00000000000000000000000000000000
1000010001100010
10000011010100011000100000000000
0000010001100010
00000000000000000000000000000000
1000010001100100
10000011100100011001000000000000
0000010001100100
00000000000000000000000000000000
1000010001100110
10000011110100011001100000000000
0000010001100110
00000000000000000000000000000000
1000010001100010
10000110010100011000100000000000
0000010001100010
00000000000000000000000000000000
1000010001100100
10000110100100011001000000000000
0000010001100100
00000000000000000000000000000000
1000010001100110
10000110110100011001100000000000
0000010001100110
00000000000000000000000000000000
1000010001100010
10001001010100011000100000000000
0000010001100010
00000000000000000000000000000000
1000010001100100
10001001100100011001000000000000
0000010001100100
00000000000000000000000000000000
1000010001100110
10001001110100011001100000000000
0000010001100110
00000000000000000000000000000000
1100010001100010
00000000000000000000100000000000
1100010001100100
00000000000000000001000000000000
1100010001100110

@8da
00000000000000000000000000000000
00000001000000000000000000101110
00001011100000101110000001000000
00000010111000001011100000101110
00000000000000000000000000000100
00000000000000000000011111111111
00000000000000000000000000000000
00000000000000000000010000000100
00000000000000000000000000000000


@8e4
01010000000000000000000000000000
00010001000001000000000100101110
01001011100100101110010001000000
00010010111001001011100100101110
00000000000010101010101010101100
00000000000000000000011111111111
00000000000000000000000000000001
00000000000000000000010000000100
00000000000000000000000000000000


@8ee
10100000000000000000000000000000
00100001000010000000001000101110
10001011101000101110100001000000
00100010111010001011101000101110
00000000000101010101010101011000
00000000000000000000011111111111
00000000000000000000000000000010
00000000000000000000010000000100
00000000000000000000000000000000


@8f8
11110000000000000000000000000000
00110001000011000000001101000011
11010000001101000000110001000000
00110100001111010000111101000011
00000000001000000000000000000100
00000000000000000000011111111111
00000000000000000000000000000011
00000000000000000000010000000100
00000000000000000000000000000000


@902
00000000000000000000000000000000
01000001000000000000000000101110
00001011100000101110000001000000
00000010111000001011100000101110
00000000001010101010101010101100
00000000000000000000011111111111
00000000000000000000000000000000
00000000001010101010111010101100
00000000000000000000000000000000


@90c
01010000000000000000000000000000
01010001000001000000000100101110
01001011100100101110010001000000
00010010111001001011100100101110
00000000001101010101010101011000
00000000000000000000011111111111
00000000000000000000000000000001
00000000001010101010111010101100
00000000000000000000000000000000


@916
10100000000000000000000000000000
01100001000010000000001000101110
10001011101000101110100001000000
00100010111010001011101000101110
00000000010000000000000000000100
00000000000000000000011111111111
00000000000000000000000000000010
00000000001010101010111010101100
00000000000000000000000000000000


@920
11110000000000000000000000000000
01110001000011000000001101000011
11010000001101000000110001000000
00110100001111010000111101000011
00000000010010101010101010101100
00000000000000000000011111111111
00000000000000000000000000000011
00000000001010101010111010101100
00000000000000000000000000000000


@92a
00000000000000000000000000000000
10000001000000000000000000101110
00001011100000101110000001000000
00000010111000001011100000101110
00000000010101010101010101011000
00000000000000000000011111111111
00000000000000000000000000000000
00000000010101010101100101011000
00000000000000000000000000000000


@934
01010000000000000000000000000000
10010001000001000000000100101110
01001011100100101110010001000000
00010010111001001011100100101110
00000000011000000000000000000100
00000000000000000000011111111111
00000000000000000000000000000001
00000000010101010101100101011000
00000000000000000000000000000000


@93e
10100000000000000000000000000000
10100001000010000000001000101110
10001011101000101110100001000000
00100010111010001011101000101110
00000000011010101010101010101100
00000000000000000000011111111111
00000000000000000000000000000010
00000000010101010101100101011000
00000000000000000000000000000000


@948
11110000000000000000000000000000
10110001000011000000001101001001
11010001101101000110110001000000
00110100100111010001101101000110
00000000011101010101010101011000
00000000000000000011000000011001
00000000000000000000000000000011
00000000010101010101100101011000
00000000000000000000000000000000


@953
//data for pe0
00000000000000000000000000000001
00000000000000000000000000000001
00000000000000000000000000000000
00000000000000000000000000000001
00000000000000000000000000000001
00000000000000000000000000000001
00000000000000000000000000000001
00000000000000000000000000000001
00000000000000000000000000000000
00000000000000000000000000000001
00000000000000000000000000000001
00000000000000000000000000000000
00000000000000000000000000000000
00000000000000000000000000000000
00000000000000000000000000000001
00000000000000000000000000000001
00000000000000000000000000000000
00000000000000000000000000000001
00000000000000000000000000000000
00000000000000000000000000000001
00000000000000000000000000000000
00000000000000000000000000000000
00000000000000000000000000000000
00000000000000000000000000000001
00000000000000000000000000000000
00000000000000000000000000000000
00000000000000000000000000000001
00000000000000000000000000000000
00000000000000000000000000000000
00000000000000000000000000000001
00000000000000000000000000000001
00000000000000000000000000000001
00000000000000000000000000000000
00000000000000000000000000000000
00000000000000000000000000000000
00000000000000000000000000000001
00000000000000000000000000000001
00000000000000000000000000000001
00000000000000000000000000000001
00000000000000000000000000000000
00000000000000000000000000000001
00000000000000000000000000000001
00000000000000000000000000000001
00000000000000000000000000000001
00000000000000000000000000000001
00000000000000000000000000000000
00000000000000000000000000000000
00000000000000000000000000000001
00000000000000000000000000000000
00000000000000000000000000000000
00000000000000000000000000000000
00000000000000000000000000000000
00000000000000000000000000000000
00000000000000000000000000000000
00000000000000000000000000000000
00000000000000000000000000000000
00000000000000000000000000000000
00000000000000000000000000000000
00000000000000000000000000000001
00000000000000000000000000000001
00000000000000000000000000000000
00000000000000000000000000000000
00000000000000000000000000000001
00000000000000000000000000000001
//data for pe1
00000000000000000000000000000000
00000000000000000000000000000001
00000000000000000000000000000001
00000000000000000000000000000000
00000000000000000000000000000000
00000000000000000000000000000001
00000000000000000000000000000001
00000000000000000000000000000000
00000000000000000000000000000001
00000000000000000000000000000000
00000000000000000000000000000000
00000000000000000000000000000001
00000000000000000000000000000001
00000000000000000000000000000000
00000000000000000000000000000000
00000000000000000000000000000001
00000000000000000000000000000001
00000000000000000000000000000001
00000000000000000000000000000001
00000000000000000000000000000000
00000000000000000000000000000000
00000000000000000000000000000001
00000000000000000000000000000000
00000000000000000000000000000001
00000000000000000000000000000000
00000000000000000000000000000001
00000000000000000000000000000001
00000000000000000000000000000001
00000000000000000000000000000001
00000000000000000000000000000001
00000000000000000000000000000000
00000000000000000000000000000000
00000000000000000000000000000000
00000000000000000000000000000001
00000000000000000000000000000001
00000000000000000000000000000000
00000000000000000000000000000000
00000000000000000000000000000000
00000000000000000000000000000000
00000000000000000000000000000000
00000000000000000000000000000000
00000000000000000000000000000000
00000000000000000000000000000000
00000000000000000000000000000000
00000000000000000000000000000000
00000000000000000000000000000000
00000000000000000000000000000001
00000000000000000000000000000000
00000000000000000000000000000000
00000000000000000000000000000000
00000000000000000000000000000000
00000000000000000000000000000000
00000000000000000000000000000000
00000000000000000000000000000000
00000000000000000000000000000001
00000000000000000000000000000001
00000000000000000000000000000001
00000000000000000000000000000001
00000000000000000000000000000001
00000000000000000000000000000000
00000000000000000000000000000001
00000000000000000000000000000001
00000000000000000000000000000000
00000000000000000000000000000000
//data for pe2
00000000000000000000000000000000
00000000000000000000000000000000
00000000000000000000000000000000
00000000000000000000000000000001
00000000000000000000000000000001
00000000000000000000000000000000
00000000000000000000000000000000
00000000000000000000000000000001
00000000000000000000000000000001
00000000000000000000000000000001
00000000000000000000000000000001
00000000000000000000000000000001
00000000000000000000000000000000
00000000000000000000000000000001
00000000000000000000000000000000
00000000000000000000000000000000
00000000000000000000000000000000
00000000000000000000000000000000
00000000000000000000000000000001
00000000000000000000000000000000
00000000000000000000000000000000
00000000000000000000000000000001
00000000000000000000000000000000
00000000000000000000000000000001
00000000000000000000000000000001
00000000000000000000000000000001
00000000000000000000000000000000
00000000000000000000000000000001
00000000000000000000000000000000
00000000000000000000000000000001
00000000000000000000000000000000
00000000000000000000000000000000
00000000000000000000000000000000
00000000000000000000000000000001
00000000000000000000000000000001
00000000000000000000000000000000
00000000000000000000000000000001
00000000000000000000000000000001
00000000000000000000000000000001
00000000000000000000000000000001
00000000000000000000000000000001
00000000000000000000000000000001
00000000000000000000000000000000
00000000000000000000000000000001
00000000000000000000000000000000
00000000000000000000000000000001
00000000000000000000000000000001
00000000000000000000000000000000
00000000000000000000000000000000
00000000000000000000000000000000
00000000000000000000000000000001
00000000000000000000000000000000
00000000000000000000000000000001
00000000000000000000000000000000
00000000000000000000000000000000
00000000000000000000000000000000
00000000000000000000000000000000
00000000000000000000000000000000
00000000000000000000000000000000
00000000000000000000000000000000
00000000000000000000000000000000
00000000000000000000000000000000
00000000000000000000000000000001
00000000000000000000000000000001
