00000000000000000000001100010111
00000000100000110000000001100111
00000000001000000000110110010011
00000000000000000000110100010011
00000000000000000010001100110111
10000000000000110000001100010011
00000000000000000001111000110111
01100000000011100000111000010011
00000000100000000000010110010011
00000000000100000000001110010011
00000000011100110010000000100011
00000000011111100010000000100011
00000000010000110000001100010011
00000000010011100000111000010011
11111111111101011000010110010011
00000000000000000000001110010011
11111110000001011001010011100011
00010000000000000000010100110111
00000000000001010000010100010011
00000000000100000000010110010011
00000000101101010010000000100011
01110111000000000000010100010011
01111001000000000000010110010011
11100000000000000000011000110111
00000000000001100000011000010011
01010010110000000000000011101111
01111001100000000000010100010011
01111011100000000000010110010011
11100000000000000000011000110111
00000000000001100000011000010011
01010001100000000000000011101111
01110010000000000000010100010011
01110100000000000000010110010011
11100000000000000000011000110111
00000000000001100000011000010011
01010000010000000000000011101111
01110100100000000000010100010011
01110110100000000000010110010011
11100000000000000000011000110111
00000000000001100000011000010011
01001111000000000000000011101111
01101101000000000000010100010011
01101111000000000000010110010011
11100000000000000000011000110111
00000000000001100000011000010011
01001101110000000000000011101111
01101111100000000000010100010011
01110001100000000000010110010011
11100000000000000000011000110111
00000000000001100000011000010011
01001100100000000000000011101111
01101000000000000000010100010011
01101010000000000000010110010011
11100000000000000000011000110111
00000000000001100000011000010011
01001011010000000000000011101111
01101010100000000000010100010011
01101100100000000000010110010011
11100000000000000000011000110111
00000000000001100000011000010011
01001010000000000000000011101111
11100000000000000000001010110111
00000000000000101000001010010011
11100000000000000000001110110111
00001000000000111000001110010011
00001111111100000000011000010011
00000000100000000000011010010011
00000000000000101010001100000011
11111110110000110001111011100011
00000000000000111010001100000011
11111110110100110001111011100011
00010000000000000000010100110111
00000000000001010000010100010011
00000000000000000000010110010011
00000000101101010010000000100011
11110000001100000000001100110111
01000001010000110000001100010011
11110000001100000000010110110111
01000001100001011000010110010011
11111111111100000000011000010011
00000000000000000001111000110111
01100000000011100000111000010011
00000000000000000010111010110111
10000000000011101000111010010011
00000000100000000000011010010011
00000000000000110010010000000011
00000000000000110010010010000011
00000000000000110010100100000011
00000000000000110010100110000011
11111111111101101000011010010011
00001000000001101000010001100011
00000000000101101000011010010011
11111111111001101000011010010011
00000100000001101000111001100011
00000000001001101000011010010011
11111111110101101000011010010011
00000010000001101000100001100011
00000000001101101000011010010011
11111111110001101000011010010011
00000000000001101000001001100011
00000000110011101010111100000011
00000001111000000011111100110011
00000000000111110100111100010011
00000001111010011111100110110011
00000001001111100010011000100011
00000000000010011000011001100011
00000001101111101010011000100011
00000000000100000000110100010011
00000000100011101010111100000011
00000001111000000011111100110011
00000000000111110100111100010011
00000001111010010111100100110011
00000001001011100010010000100011
00000000000010010000011001100011
00000001101111101010010000100011
00000000000100000000110100010011
00000000010011101010111100000011
00000001111000000011111100110011
00000000000111110100111100010011
00000001111001001111010010110011
00000000100111100010001000100011
00000000000001001000011001100011
00000001101111101010001000100011
00000000000100000000110100010011
00000000000011101010111100000011
00000001111000000011111100110011
00000000000111110100111100010011
00000001111001000111010000110011
00000000100011100010000000100011
00000000000001000000011001100011
00000001101111101010000000100011
00000000000100000000110100010011
00000000011001011100110001100011
00000000000001101000101001100011
00000000010000110000001100010011
00000001000011100000111000010011
00000001000011101000111010010011
11110011000111111111000001101111
00000000000000000001010100110111
01100000000001010000010100010011
00000000000000000001010110110111
01100000010001011000010110010011
01111100010000000000011000010011
00110101010000000000000011101111
00000000000000000001010100110111
01100000100001010000010100010011
00000000000000000001010110110111
01100000110001011000010110010011
00000000000000000001011000110111
10000001010001100000011000010011
00110011100000000000000011101111
00000000000000000001010100110111
01100001000001010000010100010011
00000000000000000001010110110111
01100001010001011000010110010011
00000000000000000001011000110111
10000110010001100000011000010011
00110001110000000000000011101111
00000000000000000001010100110111
01100001100001010000010100010011
00000000000000000001010110110111
01100001110001011000010110010011
00000000000000000001011000110111
10001011010001100000011000010011
00110000000000000000000011101111
00101110000011010000100001100011
00000000000000000000110100010011
00000000000111011000110110010011
00000000010000000000000001101111
01111100010000000000010100010011
01111100100000000000010110010011
11110000000000000000011000110111
01000000000001100000011000010011
00110000000000000000000011101111
00000000000000000001010100110111
10000001010001010000010100010011
00000000000000000001010110110111
10000001100001011000010110010011
11110000000100000000011000110111
01000000000001100000011000010011
00101110010000000000000011101111
00000000000000000001010100110111
10000110010001010000010100010011
00000000000000000001010110110111
10000110100001011000010110010011
11110000001000000000011000110111
01000000000001100000011000010011
00101100100000000000000011101111
00000000000000000001010100110111
10001011010001010000010100010011
00000000000000000001010110110111
10001011100001011000010110010011
11110000001100000000011000110111
01000000000001100000011000010011
00101010110000000000000011101111
11100000000000000000010100110111
00000101110001010000010100010011
00000000000100000000010110010011
00000000101101010010000000100011
00000000000000000000010110010011
00000000101101010010000000100011
00010000000000000000010100110111
00000000000001010000010100010011
00000000000100000000010110010011
00000000101101010010000000100011
01110111000000000000010100010011
01111001000000000000010110010011
11100000000000000000011000110111
00000000000001100000011000010011
00100100110000000000000011101111
01111001100000000000010100010011
01111011100000000000010110010011
11100000000000000000011000110111
00000000000001100000011000010011
00100011100000000000000011101111
01110010000000000000010100010011
01110100000000000000010110010011
11100000000000000000011000110111
00000000000001100000011000010011
00100010010000000000000011101111
01110100100000000000010100010011
01110110100000000000010110010011
11100000000000000000011000110111
00000000000001100000011000010011
00100001000000000000000011101111
01101101000000000000010100010011
01101111000000000000010110010011
11100000000000000000011000110111
00000000000001100000011000010011
00011111110000000000000011101111
01101111100000000000010100010011
01110001100000000000010110010011
11100000000000000000011000110111
00000000000001100000011000010011
00011110100000000000000011101111
01101000000000000000010100010011
01101010000000000000010110010011
11100000000000000000011000110111
00000000000001100000011000010011
00011101010000000000000011101111
01101010100000000000010100010011
01101100100000000000010110010011
11100000000000000000011000110111
00000000000001100000011000010011
00011100000000000000000011101111
11100000000000000000001010110111
00000000000000101000001010010011
11100000000000000000001110110111
00001000000000111000001110010011
00001111111100000000011000010011
00000000100000000000011010010011
00000000000000101010001100000011
11111110110000110001111011100011
00000000000000111010001100000011
11111110110100110001111011100011
00010000000000000000010100110111
00000000000001010000010100010011
00000000000000000000010110010011
00000000101101010010000000100011
11110000001100000000001100110111
01000001010000110000001100010011
11110000001100000000010110110111
01000001100001011000010110010011
11111111111100000000011000010011
00000000000000000001111000110111
01100000000011100000111000010011
00000000000000000010111010110111
10000000000011101000111010010011
00000000100000000000011010010011
00000000000000110010010000000011
00000000000000110010010010000011
00000000000000110010100100000011
00000000000000110010100110000011
11111111111101101000011010010011
00001000000001101000010001100011
00000000000101101000011010010011
11111111111001101000011010010011
00000100000001101000111001100011
00000000001001101000011010010011
11111111110101101000011010010011
00000010000001101000100001100011
00000000001101101000011010010011
11111111110001101000011010010011
00000000000001101000001001100011
00000000110011101010111100000011
00000001111000000011111100110011
00000000000111110100111100010011
00000001111010011111100110110011
00000001001111100010011000100011
00000000000010011000011001100011
00000001101111101010011000100011
00000000000100000000110100010011
00000000100011101010111100000011
00000001111000000011111100110011
00000000000111110100111100010011
00000001111010010111100100110011
00000001001011100010010000100011
00000000000010010000011001100011
00000001101111101010010000100011
00000000000100000000110100010011
00000000010011101010111100000011
00000001111000000011111100110011
00000000000111110100111100010011
00000001111001001111010010110011
00000000100111100010001000100011
00000000000001001000011001100011
00000001101111101010001000100011
00000000000100000000110100010011
00000000000011101010111100000011
00000001111000000011111100110011
00000000000111110100111100010011
00000001111001000111010000110011
00000000100011100010000000100011
00000000000001000000011001100011
00000001101111101010000000100011
00000000000100000000110100010011
00000000011001011100110001100011
00000000000001101000101001100011
00000000010000110000001100010011
00000001000011100000111000010011
00000001000011101000111010010011
11110011000111111111000001101111
00000000000000000001010100110111
01100000000001010000010100010011
00000000000000000001010110110111
01100000010001011000010110010011
01111100010000000000011000010011
00000111010000000000000011101111
00000000000000000001010100110111
01100000100001010000010100010011
00000000000000000001010110110111
01100000110001011000010110010011
00000000000000000001011000110111
10000001010001100000011000010011
00000101100000000000000011101111
00000000000000000001010100110111
01100001000001010000010100010011
00000000000000000001010110110111
01100001010001011000010110010011
00000000000000000001011000110111
10000110010001100000011000010011
00000011110000000000000011101111
00000000000000000001010100110111
01100001100001010000010100010011
00000000000000000001010110110111
01100001110001011000010110010011
00000000000000000001011000110111
10001011010001100000011000010011
00000010000000000000000011101111
00000000000011010000100001100011
00000000000000000000110100010011
00000000000111011000110110010011
11010010010111111111000001101111
00000000111100000000010100010011
00000000000000000000010110010011
00000000101101010010000000100011
00000000000001010000001010010011
00000000000001100000001100010011
00000000010101011100110001100011
00000000000000101010001110000011
00000000011100110010000000100011
00000000010000101000001010010011
00000000010000110000001100010011
11111110110111111111000001101111
00000000000000001000000001100111
00000000000001010000001010010011
00000000000001100000001100010011
00000010010101011100100001100011
00000000000000101010001110000011
00000000011100110010000000100011
00000000010000101010001110000011
00000000011100110010000000100011
00000000100000101010001110000011
00000000011100110010000000100011
00000000110000101010001110000011
00000000011100110010000000100011
00000001000000101000001010010011
00000000010000110000001100010011
11111101010111111111000001101111
00000000000000001000000001100111

@1a0
00000000000000000000000000000000
00000000100100000000000000010001
00000100010000010001000000100100
00000001000100000100010000010001
00000000000000000000000000000100
00000000000000000000011111111111
00000000000000000000000000000000
00000000000000000000010000000000
00000000000000000000010000010100


@1aa
01010000000000000000000000000000
00010000100101000000000100101001
01001000010100100001010000100100
00010010100101001010010100101001
00000000000010000000000000000100
00000000000000000000011111111111
00000000000000000000000000000001
00000000000000000000010000000000
00000000000000000000010000010100


@1b4
00000000000000000000000000000000
01000000100100000000000000010001
00000100010000010001000000100100
00000001000100000100010000010001
00000000000100000000000000000100
00000000000000000000011111111111
00000000000000000000000000000010
00000000000100000000010000000000
00000000000100000000010000010100


@1be
01010000000000000000000000000000
01010000100101000000000100101001
01001000010100100001010000100100
00010010100101001010010100101001
00000000000110000000000000000100
00000000000000000000011111111111
00000000000000000000000000000011
00000000000100000000010000000000
00000000000100000000010000010100


@1c8
00000000000000000000000000000000
10000000100100000000000000010001
00000100010000010001000000100100
00000001000100000100010000010001
00000000001000000000000000000100
00000000000000000000011111111111
00000000000000000000000000000100
00000000001000000000010000000000
00000000001000000000010000010100


@1d2
01010000000000000000000000000000
10010000100101000000000100101001
01001000010100100001010000100100
00010010100101001010010100101001
00000000001010000000000000000100
00000000000000000000011111111111
00000000000000000000000000000101
00000000001000000000010000000000
00000000001000000000010000010100


@1dc
00000000000000000000000000000000
11000000100100000000000000010001
00000100010000010001000000100100
00000001000100000100010000010001
00000000001100000000000000000100
00000000000000000000011111111111
00000000000000000000000000000110
00000000001100000000010000000000
00000000001100000000010000010100


@1e6
01010000000000000000000000000000
11010000100101000000000101000001
01001110010100111001010000100100
00010100000101001110010100111001
00000000001110000000000000000100
00000000000000001100000000010001
00000000000000000000000000000111
00000000001100000000010000000000
00000000001100000000010000010100


