00000000000000000000000000000000
1010000000000000
00000000000000000010000000000000
1010010000000000
00000000000000000010100000000000
1010010000000010
00000000000000000011000000000000
1010010000000100
00000000000000000011100000000000
1010010000000110
00000000000000000100000000000000
1010010000001000
00000000000000000100100000000000
1010010000001010
00000000000000000101000000000000
1010010000001100
00000000000000000101100000000000
1010010000001110
10000000000100000000000000000000
0101000000000000
10000000010100000000100000000000
0101000000000000
10000000100100000001000000000000
0101000000000000
10000000110100000001100000000000
0101000000000000
10000001000100000010000000000000
0101000000000000
10000001010100000010100000000000
0101000000000000
10000001100100000011000000000000
0101000000000000
10000001110100000011100000000000
0101000000000000
00000000000000000000000000000000
00000000000000000000000000000000
00000000000000000000100000000000
1010000000000010
00000000000000000110000000000000
1010010000010000
00000000000000000110100000000000
1010010000010010
00000000000000000111000000000000
1010010000010100
00000000000000000111100000000000
1010010000010110
00000000000000001000000000000000
1010010000011000
00000000000000001000100000000000
1010010000011010
00000000000000001001000000000000
1010010000011100
00000000000000001001100000000000
1010010000011110
10000010000100000100000000000000
0101000000000010
10000010010100000100100000000000
0101000000000010
10000010100100000101000000000000
0101000000000010
10000010110100000101100000000000
0101000000000010
10000011000100000110000000000000
0101000000000010
10000011010100000110100000000000
0101000000000010
10000011100100000111000000000000
0101000000000010
10000011110100000111100000000000
0101000000000010
00000000000000000000000000000000
1000010000010000
10000000000100000100000000000000
0110010000010000
00000000000000000000000000000000
1000010000010010
10000000010100000100100000000000
0110010000010010
00000000000000000000000000000000
1000010000010100
10000000100100000101000000000000
0110010000010100
00000000000000000000000000000000
1000010000010110
10000000110100000101100000000000
0110010000010110
00000000000000000000000000000000
1000010000011000
10000001000100000110000000000000
0110010000011000
00000000000000000000000000000000
1000010000011010
10000001010100000110100000000000
0110010000011010
00000000000000000000000000000000
1000010000011100
10000001100100000111000000000000
0110010000011100
00000000000000000000000000000000
1000010000011110
10000001110100000111100000000000
0110010000011110
00000100010000000001100000000000
1011010000010000
00000100100000000001100000000000
1011010000010010
00000100110000000001100000000000
1011010000010100
00000101000000000001100000000000
1011010000010110
00000101010000000001100000000000
1011010000011000
00000101100000000001100000000000
1011010000011010
00000101110000000001100000000000
1011010000011100
00000110000000000001100000000000
1011010000011110
00000000000000000000000000000000
00000000000000000000000000000000
00000000000000000000000000000000
1010000000000000
00000000000000000010000000000000
1010010000000000
00000000000000000010100000000000
1010010000000010
00000000000000000011000000000000
1010010000000100
00000000000000000011100000000000
1010010000000110
00000000000000000100000000000000
1010010000001000
00000000000000000100100000000000
1010010000001010
00000000000000000101000000000000
1010010000001100
00000000000000000101100000000000
1010010000001110
10000000000100000000000000000000
0101000000000000
10000000010100000000100000000000
0101000000000000
10000000100100000001000000000000
0101000000000000
10000000110100000001100000000000
0101000000000000
10000001000100000010000000000000
0101000000000000
10000001010100000010100000000000
0101000000000000
10000001100100000011000000000000
0101000000000000
10000001110100000011100000000000
0101000000000000
00000000000000000000000000000000
00000000000000000000000000000000
00000000000000000000100000000000
1010000000000010
00000000000000000110000000000000
1010010000010000
00000000000000000110100000000000
1010010000010010
00000000000000000111000000000000
1010010000010100
00000000000000000111100000000000
1010010000010110
00000000000000001000000000000000
1010010000011000
00000000000000001000100000000000
1010010000011010
00000000000000001001000000000000
1010010000011100
00000000000000001001100000000000
1010010000011110
10000010000100000100000000000000
0101000000000010
10000010010100000100100000000000
0101000000000010
10000010100100000101000000000000
0101000000000010
10000010110100000101100000000000
0101000000000010
10000011000100000110000000000000
0101000000000010
10000011010100000110100000000000
0101000000000010
10000011100100000111000000000000
0101000000000010
10000011110100000111100000000000
0101000000000010
00000000000000000000000000000000
1000010000010000
10000000000100000100000000000000
0110010000010000
00000000000000000000000000000000
1000010000010010
10000000010100000100100000000000
0110010000010010
00000000000000000000000000000000
1000010000010100
10000000100100000101000000000000
0110010000010100
00000000000000000000000000000000
1000010000010110
10000000110100000101100000000000
0110010000010110
00000000000000000000000000000000
1000010000011000
10000001000100000110000000000000
0110010000011000
00000000000000000000000000000000
1000010000011010
10000001010100000110100000000000
0110010000011010
00000000000000000000000000000000
1000010000011100
10000001100100000111000000000000
0110010000011100
00000000000000000000000000000000
1000010000011110
10000001110100000111100000000000
0110010000011110
00000110010000000001100000000000
1011010000010000
00000110100000000001100000000000
1011010000010010
00000110110000000001100000000000
1011010000010100
00000111000000000001100000000000
1011010000010110
00000111010000000001100000000000
1011010000011000
00000111100000000001100000000000
1011010000011010
00000111110000000001100000000000
1011010000011100
00001000000000000001100000000000
1011010000011110
00000000000000000000000000000000
00000000000000000000000000000000
00000000000000000000000000000000
1010000000000000
00000000000000000010000000000000
1010010000000000
00000000000000000010100000000000
1010010000000010
00000000000000000011000000000000
1010010000000100
00000000000000000011100000000000
1010010000000110
00000000000000000100000000000000
1010010000001000
00000000000000000100100000000000
1010010000001010
00000000000000000101000000000000
1010010000001100
00000000000000000101100000000000
1010010000001110
10000000000100000000000000000000
0101000000000000
10000000010100000000100000000000
0101000000000000
10000000100100000001000000000000
0101000000000000
10000000110100000001100000000000
0101000000000000
10000001000100000010000000000000
0101000000000000
10000001010100000010100000000000
0101000000000000
10000001100100000011000000000000
0101000000000000
10000001110100000011100000000000
0101000000000000
00000000000000000000000000000000
00000000000000000000000000000000
00000000000000000000100000000000
1010000000000010
00000000000000000110000000000000
1010010000010000
00000000000000000110100000000000
1010010000010010
00000000000000000111000000000000
1010010000010100
00000000000000000111100000000000
1010010000010110
00000000000000001000000000000000
1010010000011000
00000000000000001000100000000000
1010010000011010
00000000000000001001000000000000
1010010000011100
00000000000000001001100000000000
1010010000011110
10000010000100000100000000000000
0101000000000010
10000010010100000100100000000000
0101000000000010
10000010100100000101000000000000
0101000000000010
10000010110100000101100000000000
0101000000000010
10000011000100000110000000000000
0101000000000010
10000011010100000110100000000000
0101000000000010
10000011100100000111000000000000
0101000000000010
10000011110100000111100000000000
0101000000000010
00000000000000000000000000000000
1000010000010000
10000000000100000100000000000000
0110010000010000
00000000000000000000000000000000
1000010000010010
10000000010100000100100000000000
0110010000010010
00000000000000000000000000000000
1000010000010100
10000000100100000101000000000000
0110010000010100
00000000000000000000000000000000
1000010000010110
10000000110100000101100000000000
0110010000010110
00000000000000000000000000000000
1000010000011000
10000001000100000110000000000000
0110010000011000
00000000000000000000000000000000
1000010000011010
10000001010100000110100000000000
0110010000011010
00000000000000000000000000000000
1000010000011100
10000001100100000111000000000000
0110010000011100
00000000000000000000000000000000
1000010000011110
10000001110100000111100000000000
0110010000011110
00001000010000000001100000000000
1011010000010000
00001000100000000001100000000000
1011010000010010
00001000110000000001100000000000
1011010000010100
00001001000000000001100000000000
1011010000010110
00001001010000000001100000000000
1011010000011000
00001001100000000001100000000000
1011010000011010
00001001110000000001100000000000
1011010000011100
00001010000000000001100000000000
1011010000011110
00000000000000000000000000000000
00000000000000000000000000000000
00000000000000000000000000000000
1010000000000000
00000000000000000010000000000000
1010010000000000
00000000000000000010100000000000
1010010000000010
00000000000000000011000000000000
1010010000000100
00000000000000000011100000000000
1010010000000110
00000000000000000100000000000000
1010010000001000
00000000000000000100100000000000
1010010000001010
00000000000000000101000000000000
1010010000001100
00000000000000000101100000000000
1010010000001110
10000000000100000000000000000000
0101000000000000
10000000010100000000100000000000
0101000000000000
10000000100100000001000000000000
0101000000000000
10000000110100000001100000000000
0101000000000000
10000001000100000010000000000000
0101000000000000
10000001010100000010100000000000
0101000000000000
10000001100100000011000000000000
0101000000000000
10000001110100000011100000000000
0101000000000000
00000000000000000000000000000000
00000000000000000000000000000000
00000000000000000000100000000000
1010000000000010
00000000000000000110000000000000
1010010000010000
00000000000000000110100000000000
1010010000010010
00000000000000000111000000000000
1010010000010100
00000000000000000111100000000000
1010010000010110
00000000000000001000000000000000
1010010000011000
00000000000000001000100000000000
1010010000011010
00000000000000001001000000000000
1010010000011100
00000000000000001001100000000000
1010010000011110
10000010000100000100000000000000
0101000000000010
10000010010100000100100000000000
0101000000000010
10000010100100000101000000000000
0101000000000010
10000010110100000101100000000000
0101000000000010
10000011000100000110000000000000
0101000000000010
10000011010100000110100000000000
0101000000000010
10000011100100000111000000000000
0101000000000010
10000011110100000111100000000000
0101000000000010
00000100010100000100000000000000
0110010000010000
00000100100100000100100000000000
0110010000010010
00000100110100000101000000000000
0110010000010100
00000101000100000101100000000000
0110010000010110
00000101010100000110000000000000
0110010000011000
00000101100100000110100000000000
0110010000011010
00000101110100000111000000000000
0110010000011100
00000110000100000111100000000000
0110010000011110
00000110010100000100000000000000
0110010000010000
00000110100100000100100000000000
0110010000010010
00000110110100000101000000000000
0110010000010100
00000111000100000101100000000000
0110010000010110
00000111010100000110000000000000
0110010000011000
00000111100100000110100000000000
0110010000011010
00000111110100000111000000000000
0110010000011100
00001000000100000111100000000000
0110010000011110
00001000010100000100000000000000
0110010000010000
00001000100100000100100000000000
0110010000010010
00001000110100000101000000000000
0110010000010100
00001001000100000101100000000000
0110010000010110
00001001010100000110000000000000
0110010000011000
00001001100100000110100000000000
0110010000011010
00001001110100000111000000000000
0110010000011100
00001010000100000111100000000000
0110010000011110
00000000000000000000000000000000
1000010000010000
10000000000100000100000000000000
0110010000010000
00000000000000000000000000000000
1000010000010010
10000000010100000100100000000000
0110010000010010
00000000000000000000000000000000
1000010000010100
10000000100100000101000000000000
0110010000010100
00000000000000000000000000000000
1000010000010110
10000000110100000101100000000000
0110010000010110
00000000000000000000000000000000
1000010000011000
10000001000100000110000000000000
0110010000011000
00000000000000000000000000000000
1000010000011010
10000001010100000110100000000000
0110010000011010
00000000000000000000000000000000
1000010000011100
10000001100100000111000000000000
0110010000011100
00000000000000000000000000000000
1000010000011110
10000001110100000111100000000000
0110010000011110
00000000000000000000000000000000
1100010000010000
00000000000000000000100000000000
1100010000010010
00000000000000000001000000000000
1100010000010100
00000000000000000001100000000000
1100010000010110
00000000000000000010000000000000
1100010000011000
00000000000000000010100000000000
1100010000011010
00000000000000000011000000000000
1100010000011100
00000000000000000011100000000000
1100010000011110
00000000000000000000000000000000
00000000000000000000000000000000
00000000000000000000000000000001
00000000000000000000000000000000
00000000000000000000000000000000
00000000000000000000000000000000
00000000000000000000000000000000
00000000000000000000000000000001
00000000000000000000000000000000
00000000000000000000000000000001
00000000000000000000000000000000
00000000000000000000000000000000
00000000000000000000000000000000
00000000000000000000000000000000
00000000000000000000000000000000
00000000000000000000000000000000
00000000000000000000000000000000
00000000000000000000000000000000
00000000000000000000000000000001
00000000000000000000000000000000
00000000000000000000000000000001
00000000000000000000000000000000
00000000000000000000000000000000
00000000000000000000000000000000
00000000000000000000000000000000
00000000000000000000000000000000
00000000000000000000000000000000
00000000000000000000000000000000
00000000000000000000000000000000
00000000000000000000000000000000
00000000000000000000000000000000
00000000000000000000000000000001
00000000000000000000000000000000
00000000000000000000000000000000
00000000000000000000000000000001
00000000000000000000000000000000
00000000000000000000000000000001
00000000000000000000000000000000
00000000000000000000000000000000
00000000000000000000000000000000
00000000000000000000000000000000
00000000000000000000000000000000
00000000000000000000000000000000
00000000000000000000000000000000
00000000000000000000000000000000
00000000000000000000000000000000
00000000000000000000000000000000
00000000000000000000000000000000
00000000000000000000000000000000
00000000000000000000000000000000
00000000000000000000000000000000
00000000000000000000000000000001
00000000000000000000000000000000
00000000000000000000000000000000
00000000000000000000000000000000
00000000000000000000000000000000
00000000000000000000000000000001
00000000000000000000000000000000
00000000000000000000000000000000
00000000000000000000000000000000
00000000000000000000000000000000
00000000000000000000000000000000
00000000000000000000000000000000
00000000000000000000000000000000
00000000000000000000000000000000
00000000000000000000000000000000
00000000000000000000000000000000
00000000000000000000000000000000
00000000000000000000000000000001
00000000000000000000000000000001
00000000000000000000000000000001
00000000000000000000000000000000
00000000000000000000000000000000
00000000000000000000000000000001
00000000000000000000000000000000
00000000000000000000000000000000
00000000000000000000000000000000
00000000000000000000000000000000
00000000000000000000000000000000
00000000000000000000000000000000
00000000000000000000000000000000
00000000000000000000000000000000
