00000000
0000a000
00002000
0000a400
00002800
0000a402
00003000
0000a404
00003800
0000a406
00004000
0000a408
00004800
0000a40a
00005000
0000a40c
00005800
0000a40e
80100000
00005000
80500800
00005000
80901000
00005000
80d01800
00005000
81102000
00005000
81502800
00005000
81903000
00005000
81d03800
00005000
00000000
00000000
00000800
0000a002
00006000
0000a410
00006800
0000a412
00007000
0000a414
00007800
0000a416
00008000
0000a418
00008800
0000a41a
00009000
0000a41c
00009800
0000a41e
82104000
00005002
82504800
00005002
82905000
00005002
82d05800
00005002
83106000
00005002
83506800
00005002
83907000
00005002
83d07800
00005002
00000000
00008410
80104000
00006410
00000000
00008412
80504800
00006412
00000000
00008414
80905000
00006414
00000000
00008416
80d05800
00006416
00000000
00008418
81106000
00006418
00000000
0000841a
81506800
0000641a
00000000
0000841c
81907000
0000641c
00000000
0000841e
81d07800
0000641e
04401800
0000b410
04801800
0000b412
04c01800
0000b414
05001800
0000b416
05401800
0000b418
05801800
0000b41a
05c01800
0000b41c
06001800
0000b41e
00000000
00000000
00000000
0000a000
00002000
0000a400
00002800
0000a402
00003000
0000a404
00003800
0000a406
00004000
0000a408
00004800
0000a40a
00005000
0000a40c
00005800
0000a40e
80100000
00005000
80500800
00005000
80901000
00005000
80d01800
00005000
81102000
00005000
81502800
00005000
81903000
00005000
81d03800
00005000
00000000
00000000
00000800
0000a002
00006000
0000a410
00006800
0000a412
00007000
0000a414
00007800
0000a416
00008000
0000a418
00008800
0000a41a
00009000
0000a41c
00009800
0000a41e
82104000
00005002
82504800
00005002
82905000
00005002
82d05800
00005002
83106000
00005002
83506800
00005002
83907000
00005002
83d07800
00005002
00000000
00008410
80104000
00006410
00000000
00008412
80504800
00006412
00000000
00008414
80905000
00006414
00000000
00008416
80d05800
00006416
00000000
00008418
81106000
00006418
00000000
0000841a
81506800
0000641a
00000000
0000841c
81907000
0000641c
00000000
0000841e
81d07800
0000641e
06401800
0000b410
06801800
0000b412
06c01800
0000b414
07001800
0000b416
07401800
0000b418
07801800
0000b41a
07c01800
0000b41c
08001800
0000b41e
00000000
00000000
00000000
0000a000
00002000
0000a400
00002800
0000a402
00003000
0000a404
00003800
0000a406
00004000
0000a408
00004800
0000a40a
00005000
0000a40c
00005800
0000a40e
80100000
00005000
80500800
00005000
80901000
00005000
80d01800
00005000
81102000
00005000
81502800
00005000
81903000
00005000
81d03800
00005000
00000000
00000000
00000800
0000a002
00006000
0000a410
00006800
0000a412
00007000
0000a414
00007800
0000a416
00008000
0000a418
00008800
0000a41a
00009000
0000a41c
00009800
0000a41e
82104000
00005002
82504800
00005002
82905000
00005002
82d05800
00005002
83106000
00005002
83506800
00005002
83907000
00005002
83d07800
00005002
00000000
00008410
80104000
00006410
00000000
00008412
80504800
00006412
00000000
00008414
80905000
00006414
00000000
00008416
80d05800
00006416
00000000
00008418
81106000
00006418
00000000
0000841a
81506800
0000641a
00000000
0000841c
81907000
0000641c
00000000
0000841e
81d07800
0000641e
08401800
0000b410
08801800
0000b412
08c01800
0000b414
09001800
0000b416
09401800
0000b418
09801800
0000b41a
09c01800
0000b41c
0a001800
0000b41e
00000000
00000000
00000000
0000a000
00002000
0000a400
00002800
0000a402
00003000
0000a404
00003800
0000a406
00004000
0000a408
00004800
0000a40a
00005000
0000a40c
00005800
0000a40e
80100000
00005000
80500800
00005000
80901000
00005000
80d01800
00005000
81102000
00005000
81502800
00005000
81903000
00005000
81d03800
00005000
00000000
00000000
00000800
0000a002
00006000
0000a410
00006800
0000a412
00007000
0000a414
00007800
0000a416
00008000
0000a418
00008800
0000a41a
00009000
0000a41c
00009800
0000a41e
82104000
00005002
82504800
00005002
82905000
00005002
82d05800
00005002
83106000
00005002
83506800
00005002
83907000
00005002
83d07800
00005002
04504000
00006410
04904800
00006412
04d05000
00006414
05105800
00006416
05506000
00006418
05906800
0000641a
05d07000
0000641c
06107800
0000641e
06504000
00006410
06904800
00006412
06d05000
00006414
07105800
00006416
07506000
00006418
07906800
0000641a
07d07000
0000641c
08107800
0000641e
08504000
00006410
08904800
00006412
08d05000
00006414
09105800
00006416
09506000
00006418
09906800
0000641a
09d07000
0000641c
0a107800
0000641e
00000000
00008410
80104000
00006410
00000000
00008412
80504800
00006412
00000000
00008414
80905000
00006414
00000000
00008416
80d05800
00006416
00000000
00008418
81106000
00006418
00000000
0000841a
81506800
0000641a
00000000
0000841c
81907000
0000641c
00000000
0000841e
81d07800
0000641e
00000000
0000c410
00000800
0000c412
00001000
0000c414
00001800
0000c416
00002000
0000c418
00002800
0000c41a
00003000
0000c41c
00003800
0000c41e
00000000
00000000
00000001
00000000
00000000
00000000
00000000
00000001
00000000
00000001
00000000
00000000
00000000
00000000
00000000
00000000
00000000
00000000
00000001
00000000
00000001
00000000
00000000
00000000
00000000
00000000
00000000
00000000
00000000
00000000
00000000
00000001
00000000
00000000
00000001
00000000
00000001
00000000
00000000
00000000
00000000
00000000
00000000
00000000
00000000
00000000
00000000
00000000
00000000
00000000
00000000
00000001
00000000
00000000
00000000
00000000
00000001
00000000
00000000
00000000
00000000
00000000
00000000
00000000
00000000
00000000
00000000
00000000
00000001
00000001
00000001
00000000
00000000
00000001
00000000
00000000
00000000
00000000
00000000
00000000
00000000
00000000
