#EXEBLOCK0:
//4
LD 0, 0, 0
LD 1, 0, 1
LD 2, 0, 2
LD 1280, 0, 12
LD 1281, 0, 13
LD 1282, 0, 14
LD 1283, 0, 15
LD 1284, 0, 16
LD 1285, 0, 17
LD 1286, 0, 18
LD 1287, 0, 19
LD 1288, 0, 20
LD 1289, 0, 21
LD 1290, 0, 22
LD 1291, 0, 23
LD 1536, 0, 24
LD 1537, 0, 25
LD 1538, 0, 26
LD 1539, 0, 27
LD 1540, 0, 28
LD 1541, 0, 29
LD 1542, 0, 30
LD 1543, 0, 31
LD 1544, 0, 32
LD 1545, 0, 33
LD 1546, 0, 34
LD 1547, 0, 35
LD 1792, 0, 36
LD 1793, 0, 37
LD 1794, 0, 38
LD 1795, 0, 39
LD 1796, 0, 40
LD 1797, 0, 41
LD 1798, 0, 42
LD 1799, 0, 43
LD 1800, 0, 44
LD 1801, 0, 45
LD 1802, 0, 46
LD 1803, 0, 47
BITAND 0, 1280, 1280
BITAND 1, 1536, 1536
BITAND 2, 1792, 1792
BITOR 1280, 1536, 1536
BITOR 1536, 1792, 1792
BITAND 0, 1281, 1281
BITAND 1, 1537, 1537
BITAND 2, 1793, 1793
BITOR 1281, 1537, 1537
BITOR 1537, 1793, 1793
BITAND 0, 1282, 1282
BITAND 1, 1538, 1538
BITAND 2, 1794, 1794
BITOR 1282, 1538, 1538
BITOR 1538, 1794, 1794
BITAND 0, 1283, 1283
BITAND 1, 1539, 1539
BITAND 2, 1795, 1795
BITOR 1283, 1539, 1539
BITOR 1539, 1795, 1795
BITAND 0, 1284, 1284
BITAND 1, 1540, 1540
BITAND 2, 1796, 1796
BITOR 1284, 1540, 1540
BITOR 1540, 1796, 1796
BITAND 0, 1285, 1285
BITAND 1, 1541, 1541
BITAND 2, 1797, 1797
BITOR 1285, 1541, 1541
BITOR 1541, 1797, 1797
BITAND 0, 1286, 1286
BITAND 1, 1542, 1542
BITAND 2, 1798, 1798
BITOR 1286, 1542, 1542
BITOR 1542, 1798, 1798
BITAND 0, 1287, 1287
BITAND 1, 1543, 1543
BITAND 2, 1799, 1799
BITOR 1287, 1543, 1543
BITOR 1543, 1799, 1799
BITAND 0, 1288, 1288
BITAND 1, 1544, 1544
BITAND 2, 1800, 1800
BITOR 1288, 1544, 1544
BITOR 1544, 1800, 1800
BITAND 0, 1289, 1289
BITAND 1, 1545, 1545
BITAND 2, 1801, 1801
BITOR 1289, 1545, 1545
BITOR 1545, 1801, 1801
BITAND 0, 1290, 1290
BITAND 1, 1546, 1546
BITAND 2, 1802, 1802
BITOR 1290, 1546, 1546
BITOR 1546, 1802, 1802
BITAND 0, 1291, 1291
BITAND 1, 1547, 1547
BITAND 2, 1803, 1803
BITOR 1291, 1547, 1547
BITOR 1547, 1803, 1803
#EXEBLOCK1:
//233020
LD 3, 0, 3
LD 4, 0, 4
LD 5, 0, 5
LD 1060, 0, 48
LD 1061, 0, 49
LD 1062, 0, 50
LD 1063, 0, 51
LD 1064, 0, 52
LD 1065, 0, 53
LD 1066, 0, 54
LD 1067, 0, 55
LD 1068, 0, 56
LD 1069, 0, 57
LD 1070, 0, 58
LD 1071, 0, 59
LD 1316, 0, 60
LD 1317, 0, 61
LD 1318, 0, 62
LD 1319, 0, 63
LD 1320, 0, 64
LD 1321, 0, 65
LD 1322, 0, 66
LD 1323, 0, 67
LD 1324, 0, 68
LD 1325, 0, 69
LD 1326, 0, 70
LD 1327, 0, 71
LD 1572, 0, 72
LD 1573, 0, 73
LD 1574, 0, 74
LD 1575, 0, 75
LD 1576, 0, 76
LD 1577, 0, 77
LD 1578, 0, 78
LD 1579, 0, 79
LD 1580, 0, 80
LD 1581, 0, 81
LD 1582, 0, 82
LD 1583, 0, 83
BITAND 3, 1060, 1060
BITAND 4, 1316, 1316
BITAND 5, 1572, 1572
BITOR 1060, 1316, 1316
BITOR 1316, 1572, 1572
BITAND 3, 1061, 1061
BITAND 4, 1317, 1317
BITAND 5, 1573, 1573
BITOR 1061, 1317, 1317
BITOR 1317, 1573, 1573
BITAND 3, 1062, 1062
BITAND 4, 1318, 1318
BITAND 5, 1574, 1574
BITOR 1062, 1318, 1318
BITOR 1318, 1574, 1574
BITAND 3, 1063, 1063
BITAND 4, 1319, 1319
BITAND 5, 1575, 1575
BITOR 1063, 1319, 1319
BITOR 1319, 1575, 1575
BITAND 3, 1064, 1064
BITAND 4, 1320, 1320
BITAND 5, 1576, 1576
BITOR 1064, 1320, 1320
BITOR 1320, 1576, 1576
BITAND 3, 1065, 1065
BITAND 4, 1321, 1321
BITAND 5, 1577, 1577
BITOR 1065, 1321, 1321
BITOR 1321, 1577, 1577
BITAND 3, 1066, 1066
BITAND 4, 1322, 1322
BITAND 5, 1578, 1578
BITOR 1066, 1322, 1322
BITOR 1322, 1578, 1578
BITAND 3, 1067, 1067
BITAND 4, 1323, 1323
BITAND 5, 1579, 1579
BITOR 1067, 1323, 1323
BITOR 1323, 1579, 1579
BITAND 3, 1068, 1068
BITAND 4, 1324, 1324
BITAND 5, 1580, 1580
BITOR 1068, 1324, 1324
BITOR 1324, 1580, 1580
BITAND 3, 1069, 1069
BITAND 4, 1325, 1325
BITAND 5, 1581, 1581
BITOR 1069, 1325, 1325
BITOR 1325, 1581, 1581
BITAND 3, 1070, 1070
BITAND 4, 1326, 1326
BITAND 5, 1582, 1582
BITOR 1070, 1326, 1326
BITOR 1326, 1582, 1582
BITAND 3, 1071, 1071
BITAND 4, 1327, 1327
BITAND 5, 1583, 1583
BITOR 1071, 1327, 1327
BITOR 1327, 1583, 1583
#EXEBLOCK2:
//466036
LD 6, 0, 6
LD 7, 0, 7
LD 8, 0, 8
LD 1608, 0, 84
LD 1609, 0, 85
LD 1610, 0, 86
LD 1611, 0, 87
LD 1612, 0, 88
LD 1613, 0, 89
LD 1614, 0, 90
LD 1615, 0, 91
LD 1616, 0, 92
LD 1617, 0, 93
LD 1618, 0, 94
LD 1619, 0, 95
LD 1864, 0, 96
LD 1865, 0, 97
LD 1866, 0, 98
LD 1867, 0, 99
LD 1868, 0, 100
LD 1869, 0, 101
LD 1870, 0, 102
LD 1871, 0, 103
LD 1872, 0, 104
LD 1873, 0, 105
LD 1874, 0, 106
LD 1875, 0, 107
LD 328, 0, 108
LD 329, 0, 109
LD 330, 0, 110
LD 331, 0, 111
LD 332, 0, 112
LD 333, 0, 113
LD 334, 0, 114
LD 335, 0, 115
LD 336, 0, 116
LD 337, 0, 117
LD 338, 0, 118
LD 339, 0, 119
BITAND 6, 1608, 1608
BITAND 7, 1864, 1864
BITAND 8, 328, 328
BITOR 1608, 1864, 1864
BITOR 1864, 328, 328
BITAND 6, 1609, 1609
BITAND 7, 1865, 1865
BITAND 8, 329, 329
BITOR 1609, 1865, 1865
BITOR 1865, 329, 329
BITAND 6, 1610, 1610
BITAND 7, 1866, 1866
BITAND 8, 330, 330
BITOR 1610, 1866, 1866
BITOR 1866, 330, 330
BITAND 6, 1611, 1611
BITAND 7, 1867, 1867
BITAND 8, 331, 331
BITOR 1611, 1867, 1867
BITOR 1867, 331, 331
BITAND 6, 1612, 1612
BITAND 7, 1868, 1868
BITAND 8, 332, 332
BITOR 1612, 1868, 1868
BITOR 1868, 332, 332
BITAND 6, 1613, 1613
BITAND 7, 1869, 1869
BITAND 8, 333, 333
BITOR 1613, 1869, 1869
BITOR 1869, 333, 333
BITAND 6, 1614, 1614
BITAND 7, 1870, 1870
BITAND 8, 334, 334
BITOR 1614, 1870, 1870
BITOR 1870, 334, 334
BITAND 6, 1615, 1615
BITAND 7, 1871, 1871
BITAND 8, 335, 335
BITOR 1615, 1871, 1871
BITOR 1871, 335, 335
BITAND 6, 1616, 1616
BITAND 7, 1872, 1872
BITAND 8, 336, 336
BITOR 1616, 1872, 1872
BITOR 1872, 336, 336
BITAND 6, 1617, 1617
BITAND 7, 1873, 1873
BITAND 8, 337, 337
BITOR 1617, 1873, 1873
BITOR 1873, 337, 337
BITAND 6, 1618, 1618
BITAND 7, 1874, 1874
BITAND 8, 338, 338
BITOR 1618, 1874, 1874
BITOR 1874, 338, 338
BITAND 6, 1619, 1619
BITAND 7, 1875, 1875
BITAND 8, 339, 339
BITOR 1619, 1875, 1875
BITOR 1875, 339, 339
#EXEBLOCK3:
//699052
LD 9, 0, 9
LD 10, 0, 10
LD 11, 0, 11
LD 1132, 0, 120
LD 1133, 0, 121
LD 1134, 0, 122
LD 1135, 0, 123
LD 1136, 0, 124
LD 1137, 0, 125
LD 1138, 0, 126
LD 1139, 0, 127
LD 1140, 0, 128
LD 1141, 0, 129
LD 1142, 0, 130
LD 1143, 0, 131
LD 1388, 0, 132
LD 1389, 0, 133
LD 1390, 0, 134
LD 1391, 0, 135
LD 1392, 0, 136
LD 1393, 0, 137
LD 1394, 0, 138
LD 1395, 0, 139
LD 1396, 0, 140
LD 1397, 0, 141
LD 1398, 0, 142
LD 1399, 0, 143
LD 1644, 0, 144
LD 1645, 0, 145
LD 1646, 0, 146
LD 1647, 0, 147
LD 1648, 0, 148
LD 1649, 0, 149
LD 1650, 0, 150
LD 1651, 0, 151
LD 1652, 0, 152
LD 1653, 0, 153
LD 1654, 0, 154
LD 1655, 0, 155
BITAND 9, 1132, 1132
BITAND 10, 1388, 1388
BITAND 11, 1644, 1644
BITOR 1132, 1388, 1388
BITOR 1388, 1644, 1644
BITAND 9, 1133, 1133
BITAND 10, 1389, 1389
BITAND 11, 1645, 1645
BITOR 1133, 1389, 1389
BITOR 1389, 1645, 1645
BITAND 9, 1134, 1134
BITAND 10, 1390, 1390
BITAND 11, 1646, 1646
BITOR 1134, 1390, 1390
BITOR 1390, 1646, 1646
BITAND 9, 1135, 1135
BITAND 10, 1391, 1391
BITAND 11, 1647, 1647
BITOR 1135, 1391, 1391
BITOR 1391, 1647, 1647
BITAND 9, 1136, 1136
BITAND 10, 1392, 1392
BITAND 11, 1648, 1648
BITOR 1136, 1392, 1392
BITOR 1392, 1648, 1648
BITAND 9, 1137, 1137
BITAND 10, 1393, 1393
BITAND 11, 1649, 1649
BITOR 1137, 1393, 1393
BITOR 1393, 1649, 1649
BITAND 9, 1138, 1138
BITAND 10, 1394, 1394
BITAND 11, 1650, 1650
BITOR 1138, 1394, 1394
BITOR 1394, 1650, 1650
BITAND 9, 1139, 1139
BITAND 10, 1395, 1395
BITAND 11, 1651, 1651
BITOR 1139, 1395, 1395
BITOR 1395, 1651, 1651
BITAND 9, 1140, 1140
BITAND 10, 1396, 1396
BITAND 11, 1652, 1652
BITOR 1140, 1396, 1396
BITOR 1396, 1652, 1652
BITAND 9, 1141, 1141
BITAND 10, 1397, 1397
BITAND 11, 1653, 1653
BITOR 1141, 1397, 1397
BITOR 1397, 1653, 1653
BITAND 9, 1142, 1142
BITAND 10, 1398, 1398
BITAND 11, 1654, 1654
BITOR 1142, 1398, 1398
BITOR 1398, 1654, 1654
BITAND 9, 1143, 1143
BITAND 10, 1399, 1399
BITAND 11, 1655, 1655
BITOR 1143, 1399, 1399
BITOR 1399, 1655, 1655
BITOR 1644, 1792, 1644
BITOR 1645, 1793, 1645
BITOR 1646, 1794, 1646
BITOR 1647, 1795, 1647
BITOR 1648, 1796, 1648
BITOR 1649, 1797, 1649
BITOR 1650, 1798, 1650
BITOR 1651, 1799, 1651
BITOR 1652, 1800, 1652
BITOR 1653, 1801, 1653
BITOR 1654, 1802, 1654
BITOR 1655, 1803, 1655
PREREAD0 1644, 0, 0
BITOR 1644, 1572, 1644
PREREAD0 1645, 0, 0
BITOR 1645, 1573, 1645
PREREAD0 1646, 0, 0
BITOR 1646, 1574, 1646
PREREAD0 1647, 0, 0
BITOR 1647, 1575, 1647
PREREAD0 1648, 0, 0
BITOR 1648, 1576, 1648
PREREAD0 1649, 0, 0
BITOR 1649, 1577, 1649
PREREAD0 1650, 0, 0
BITOR 1650, 1578, 1650
PREREAD0 1651, 0, 0
BITOR 1651, 1579, 1651
PREREAD0 1652, 0, 0
BITOR 1652, 1580, 1652
PREREAD0 1653, 0, 0
BITOR 1653, 1581, 1653
PREREAD0 1654, 0, 0
BITOR 1654, 1582, 1654
PREREAD0 1655, 0, 0
BITOR 1655, 1583, 1655
BITOR 1644, 328, 1644
BITOR 1645, 329, 1645
BITOR 1646, 330, 1646
BITOR 1647, 331, 1647
BITOR 1648, 332, 1648
BITOR 1649, 333, 1649
BITOR 1650, 334, 1650
BITOR 1651, 335, 1651
BITOR 1652, 336, 1652
BITOR 1653, 337, 1653
BITOR 1654, 338, 1654
BITOR 1655, 339, 1655
COPY 1644, 75, 2
COPY 1645, 76, 2
COPY 1646, 77, 2
COPY 1647, 78, 2
COPY 1648, 79, 2
COPY 1649, 80, 2
COPY 1650, 81, 2
COPY 1651, 82, 2
COPY 1652, 83, 2
COPY 1653, 84, 2
COPY 1654, 85, 2
COPY 1655, 86, 2
#EXEBLOCK4:
//932068
LD 0, 0, 0
LD 1, 0, 1
LD 2, 0, 2
LD 1536, 0, 12
LD 1537, 0, 13
LD 1538, 0, 14
LD 1539, 0, 15
LD 1540, 0, 16
LD 1541, 0, 17
LD 1542, 0, 18
LD 1543, 0, 19
LD 1544, 0, 20
LD 1545, 0, 21
LD 1546, 0, 22
LD 1547, 0, 23
LD 1792, 0, 24
LD 1793, 0, 25
LD 1794, 0, 26
LD 1795, 0, 27
LD 1796, 0, 28
LD 1797, 0, 29
LD 1798, 0, 30
LD 1799, 0, 31
LD 1800, 0, 32
LD 1801, 0, 33
LD 1802, 0, 34
LD 1803, 0, 35
LD 256, 0, 36
LD 257, 0, 37
LD 258, 0, 38
LD 259, 0, 39
LD 260, 0, 40
LD 261, 0, 41
LD 262, 0, 42
LD 263, 0, 43
LD 264, 0, 44
LD 265, 0, 45
LD 266, 0, 46
LD 267, 0, 47
BITAND 0, 1536, 1536
BITAND 1, 1792, 1792
BITAND 2, 256, 256
BITOR 1536, 1792, 1792
BITOR 1792, 256, 256
BITAND 0, 1537, 1537
BITAND 1, 1793, 1793
BITAND 2, 257, 257
BITOR 1537, 1793, 1793
BITOR 1793, 257, 257
BITAND 0, 1538, 1538
BITAND 1, 1794, 1794
BITAND 2, 258, 258
BITOR 1538, 1794, 1794
BITOR 1794, 258, 258
BITAND 0, 1539, 1539
BITAND 1, 1795, 1795
BITAND 2, 259, 259
BITOR 1539, 1795, 1795
BITOR 1795, 259, 259
BITAND 0, 1540, 1540
BITAND 1, 1796, 1796
BITAND 2, 260, 260
BITOR 1540, 1796, 1796
BITOR 1796, 260, 260
BITAND 0, 1541, 1541
BITAND 1, 1797, 1797
BITAND 2, 261, 261
BITOR 1541, 1797, 1797
BITOR 1797, 261, 261
BITAND 0, 1542, 1542
BITAND 1, 1798, 1798
BITAND 2, 262, 262
BITOR 1542, 1798, 1798
BITOR 1798, 262, 262
BITAND 0, 1543, 1543
BITAND 1, 1799, 1799
BITAND 2, 263, 263
BITOR 1543, 1799, 1799
BITOR 1799, 263, 263
BITAND 0, 1544, 1544
BITAND 1, 1800, 1800
BITAND 2, 264, 264
BITOR 1544, 1800, 1800
BITOR 1800, 264, 264
BITAND 0, 1545, 1545
BITAND 1, 1801, 1801
BITAND 2, 265, 265
BITOR 1545, 1801, 1801
BITOR 1801, 265, 265
BITAND 0, 1546, 1546
BITAND 1, 1802, 1802
BITAND 2, 266, 266
BITOR 1546, 1802, 1802
BITOR 1802, 266, 266
BITAND 0, 1547, 1547
BITAND 1, 1803, 1803
BITAND 2, 267, 267
BITOR 1547, 1803, 1803
BITOR 1803, 267, 267
#EXEBLOCK5:
//1165088
LD 3, 0, 3
LD 4, 0, 4
LD 5, 0, 5
LD 1060, 0, 48
LD 1061, 0, 49
LD 1062, 0, 50
LD 1063, 0, 51
LD 1064, 0, 52
LD 1065, 0, 53
LD 1066, 0, 54
LD 1067, 0, 55
LD 1068, 0, 56
LD 1069, 0, 57
LD 1070, 0, 58
LD 1071, 0, 59
LD 1316, 0, 60
LD 1317, 0, 61
LD 1318, 0, 62
LD 1319, 0, 63
LD 1320, 0, 64
LD 1321, 0, 65
LD 1322, 0, 66
LD 1323, 0, 67
LD 1324, 0, 68
LD 1325, 0, 69
LD 1326, 0, 70
LD 1327, 0, 71
LD 1572, 0, 72
LD 1573, 0, 73
LD 1574, 0, 74
LD 1575, 0, 75
LD 1576, 0, 76
LD 1577, 0, 77
LD 1578, 0, 78
LD 1579, 0, 79
LD 1580, 0, 80
LD 1581, 0, 81
LD 1582, 0, 82
LD 1583, 0, 83
BITAND 3, 1060, 1060
BITAND 4, 1316, 1316
BITAND 5, 1572, 1572
BITOR 1060, 1316, 1316
BITOR 1316, 1572, 1572
BITAND 3, 1061, 1061
BITAND 4, 1317, 1317
BITAND 5, 1573, 1573
BITOR 1061, 1317, 1317
BITOR 1317, 1573, 1573
BITAND 3, 1062, 1062
BITAND 4, 1318, 1318
BITAND 5, 1574, 1574
BITOR 1062, 1318, 1318
BITOR 1318, 1574, 1574
BITAND 3, 1063, 1063
BITAND 4, 1319, 1319
BITAND 5, 1575, 1575
BITOR 1063, 1319, 1319
BITOR 1319, 1575, 1575
BITAND 3, 1064, 1064
BITAND 4, 1320, 1320
BITAND 5, 1576, 1576
BITOR 1064, 1320, 1320
BITOR 1320, 1576, 1576
BITAND 3, 1065, 1065
BITAND 4, 1321, 1321
BITAND 5, 1577, 1577
BITOR 1065, 1321, 1321
BITOR 1321, 1577, 1577
BITAND 3, 1066, 1066
BITAND 4, 1322, 1322
BITAND 5, 1578, 1578
BITOR 1066, 1322, 1322
BITOR 1322, 1578, 1578
BITAND 3, 1067, 1067
BITAND 4, 1323, 1323
BITAND 5, 1579, 1579
BITOR 1067, 1323, 1323
BITOR 1323, 1579, 1579
BITAND 3, 1068, 1068
BITAND 4, 1324, 1324
BITAND 5, 1580, 1580
BITOR 1068, 1324, 1324
BITOR 1324, 1580, 1580
BITAND 3, 1069, 1069
BITAND 4, 1325, 1325
BITAND 5, 1581, 1581
BITOR 1069, 1325, 1325
BITOR 1325, 1581, 1581
BITAND 3, 1070, 1070
BITAND 4, 1326, 1326
BITAND 5, 1582, 1582
BITOR 1070, 1326, 1326
BITOR 1326, 1582, 1582
BITAND 3, 1071, 1071
BITAND 4, 1327, 1327
BITAND 5, 1583, 1583
BITOR 1071, 1327, 1327
BITOR 1327, 1583, 1583
#EXEBLOCK6:
//1398104
LD 6, 0, 6
LD 7, 0, 7
LD 8, 0, 8
LD 1096, 0, 84
LD 1097, 0, 85
LD 1098, 0, 86
LD 1099, 0, 87
LD 1100, 0, 88
LD 1101, 0, 89
LD 1102, 0, 90
LD 1103, 0, 91
LD 1104, 0, 92
LD 1105, 0, 93
LD 1106, 0, 94
LD 1107, 0, 95
LD 1352, 0, 96
LD 1353, 0, 97
LD 1354, 0, 98
LD 1355, 0, 99
LD 1356, 0, 100
LD 1357, 0, 101
LD 1358, 0, 102
LD 1359, 0, 103
LD 1360, 0, 104
LD 1361, 0, 105
LD 1362, 0, 106
LD 1363, 0, 107
LD 1608, 0, 108
LD 1609, 0, 109
LD 1610, 0, 110
LD 1611, 0, 111
LD 1612, 0, 112
LD 1613, 0, 113
LD 1614, 0, 114
LD 1615, 0, 115
LD 1616, 0, 116
LD 1617, 0, 117
LD 1618, 0, 118
LD 1619, 0, 119
BITAND 6, 1096, 1096
BITAND 7, 1352, 1352
BITAND 8, 1608, 1608
BITOR 1096, 1352, 1352
BITOR 1352, 1608, 1608
BITAND 6, 1097, 1097
BITAND 7, 1353, 1353
BITAND 8, 1609, 1609
BITOR 1097, 1353, 1353
BITOR 1353, 1609, 1609
BITAND 6, 1098, 1098
BITAND 7, 1354, 1354
BITAND 8, 1610, 1610
BITOR 1098, 1354, 1354
BITOR 1354, 1610, 1610
BITAND 6, 1099, 1099
BITAND 7, 1355, 1355
BITAND 8, 1611, 1611
BITOR 1099, 1355, 1355
BITOR 1355, 1611, 1611
BITAND 6, 1100, 1100
BITAND 7, 1356, 1356
BITAND 8, 1612, 1612
BITOR 1100, 1356, 1356
BITOR 1356, 1612, 1612
BITAND 6, 1101, 1101
BITAND 7, 1357, 1357
BITAND 8, 1613, 1613
BITOR 1101, 1357, 1357
BITOR 1357, 1613, 1613
BITAND 6, 1102, 1102
BITAND 7, 1358, 1358
BITAND 8, 1614, 1614
BITOR 1102, 1358, 1358
BITOR 1358, 1614, 1614
BITAND 6, 1103, 1103
BITAND 7, 1359, 1359
BITAND 8, 1615, 1615
BITOR 1103, 1359, 1359
BITOR 1359, 1615, 1615
BITAND 6, 1104, 1104
BITAND 7, 1360, 1360
BITAND 8, 1616, 1616
BITOR 1104, 1360, 1360
BITOR 1360, 1616, 1616
BITAND 6, 1105, 1105
BITAND 7, 1361, 1361
BITAND 8, 1617, 1617
BITOR 1105, 1361, 1361
BITOR 1361, 1617, 1617
BITAND 6, 1106, 1106
BITAND 7, 1362, 1362
BITAND 8, 1618, 1618
BITOR 1106, 1362, 1362
BITOR 1362, 1618, 1618
BITAND 6, 1107, 1107
BITAND 7, 1363, 1363
BITAND 8, 1619, 1619
BITOR 1107, 1363, 1363
BITOR 1363, 1619, 1619
#EXEBLOCK7:
//1631120
LD 9, 0, 9
LD 10, 0, 10
LD 11, 0, 11
LD 1900, 0, 120
LD 1901, 0, 121
LD 1902, 0, 122
LD 1903, 0, 123
LD 1904, 0, 124
LD 1905, 0, 125
LD 1906, 0, 126
LD 1907, 0, 127
LD 1908, 0, 128
LD 1909, 0, 129
LD 1910, 0, 130
LD 1911, 0, 131
LD 364, 0, 132
LD 365, 0, 133
LD 366, 0, 134
LD 367, 0, 135
LD 368, 0, 136
LD 369, 0, 137
LD 370, 0, 138
LD 371, 0, 139
LD 372, 0, 140
LD 373, 0, 141
LD 374, 0, 142
LD 375, 0, 143
LD 620, 0, 144
LD 621, 0, 145
LD 622, 0, 146
LD 623, 0, 147
LD 624, 0, 148
LD 625, 0, 149
LD 626, 0, 150
LD 627, 0, 151
LD 628, 0, 152
LD 629, 0, 153
LD 630, 0, 154
LD 631, 0, 155
BITAND 9, 1900, 1900
BITAND 10, 364, 364
BITAND 11, 620, 620
BITOR 1900, 364, 364
BITOR 364, 620, 620
BITAND 9, 1901, 1901
BITAND 10, 365, 365
BITAND 11, 621, 621
BITOR 1901, 365, 365
BITOR 365, 621, 621
BITAND 9, 1902, 1902
BITAND 10, 366, 366
BITAND 11, 622, 622
BITOR 1902, 366, 366
BITOR 366, 622, 622
BITAND 9, 1903, 1903
BITAND 10, 367, 367
BITAND 11, 623, 623
BITOR 1903, 367, 367
BITOR 367, 623, 623
BITAND 9, 1904, 1904
BITAND 10, 368, 368
BITAND 11, 624, 624
BITOR 1904, 368, 368
BITOR 368, 624, 624
BITAND 9, 1905, 1905
BITAND 10, 369, 369
BITAND 11, 625, 625
BITOR 1905, 369, 369
BITOR 369, 625, 625
BITAND 9, 1906, 1906
BITAND 10, 370, 370
BITAND 11, 626, 626
BITOR 1906, 370, 370
BITOR 370, 626, 626
BITAND 9, 1907, 1907
BITAND 10, 371, 371
BITAND 11, 627, 627
BITOR 1907, 371, 371
BITOR 371, 627, 627
BITAND 9, 1908, 1908
BITAND 10, 372, 372
BITAND 11, 628, 628
BITOR 1908, 372, 372
BITOR 372, 628, 628
BITAND 9, 1909, 1909
BITAND 10, 373, 373
BITAND 11, 629, 629
BITOR 1909, 373, 373
BITOR 373, 629, 629
BITAND 9, 1910, 1910
BITAND 10, 374, 374
BITAND 11, 630, 630
BITOR 1910, 374, 374
BITOR 374, 630, 630
BITAND 9, 1911, 1911
BITAND 10, 375, 375
BITAND 11, 631, 631
BITOR 1911, 375, 375
BITOR 375, 631, 631
BITOR 620, 256, 620
BITOR 621, 257, 621
BITOR 622, 258, 622
BITOR 623, 259, 623
BITOR 624, 260, 624
BITOR 625, 261, 625
BITOR 626, 262, 626
BITOR 627, 263, 627
BITOR 628, 264, 628
BITOR 629, 265, 629
BITOR 630, 266, 630
BITOR 631, 267, 631
BITOR 620, 1572, 620
BITOR 621, 1573, 621
BITOR 622, 1574, 622
BITOR 623, 1575, 623
BITOR 624, 1576, 624
BITOR 625, 1577, 625
BITOR 626, 1578, 626
BITOR 627, 1579, 627
BITOR 628, 1580, 628
BITOR 629, 1581, 629
BITOR 630, 1582, 630
BITOR 631, 1583, 631
BITOR 620, 1608, 620
BITOR 621, 1609, 621
BITOR 622, 1610, 622
BITOR 623, 1611, 623
BITOR 624, 1612, 624
BITOR 625, 1613, 625
BITOR 626, 1614, 626
BITOR 627, 1615, 627
BITOR 628, 1616, 628
BITOR 629, 1617, 629
BITOR 630, 1618, 630
BITOR 631, 1619, 631
COPY 620, 87, 2
COPY 621, 88, 2
COPY 622, 89, 2
COPY 623, 90, 2
COPY 624, 91, 2
COPY 625, 92, 2
COPY 626, 93, 2
COPY 627, 94, 2
COPY 628, 95, 2
COPY 629, 96, 2
COPY 630, 97, 2
COPY 631, 98, 2
#EXEBLOCK8:
//1864136
LD 0, 0, 0
LD 1, 0, 1
LD 2, 0, 2
LD 768, 0, 12
LD 769, 0, 13
LD 770, 0, 14
LD 771, 0, 15
LD 772, 0, 16
LD 773, 0, 17
LD 774, 0, 18
LD 775, 0, 19
LD 776, 0, 20
LD 777, 0, 21
LD 778, 0, 22
LD 779, 0, 23
LD 1024, 0, 24
LD 1025, 0, 25
LD 1026, 0, 26
LD 1027, 0, 27
LD 1028, 0, 28
LD 1029, 0, 29
LD 1030, 0, 30
LD 1031, 0, 31
LD 1032, 0, 32
LD 1033, 0, 33
LD 1034, 0, 34
LD 1035, 0, 35
LD 1280, 0, 36
LD 1281, 0, 37
LD 1282, 0, 38
LD 1283, 0, 39
LD 1284, 0, 40
LD 1285, 0, 41
LD 1286, 0, 42
LD 1287, 0, 43
LD 1288, 0, 44
LD 1289, 0, 45
LD 1290, 0, 46
LD 1291, 0, 47
BITAND 0, 768, 768
BITAND 1, 1024, 1024
BITAND 2, 1280, 1280
BITOR 768, 1024, 1024
BITOR 1024, 1280, 1280
BITAND 0, 769, 769
BITAND 1, 1025, 1025
BITAND 2, 1281, 1281
BITOR 769, 1025, 1025
BITOR 1025, 1281, 1281
BITAND 0, 770, 770
BITAND 1, 1026, 1026
BITAND 2, 1282, 1282
BITOR 770, 1026, 1026
BITOR 1026, 1282, 1282
BITAND 0, 771, 771
BITAND 1, 1027, 1027
BITAND 2, 1283, 1283
BITOR 771, 1027, 1027
BITOR 1027, 1283, 1283
BITAND 0, 772, 772
BITAND 1, 1028, 1028
BITAND 2, 1284, 1284
BITOR 772, 1028, 1028
BITOR 1028, 1284, 1284
BITAND 0, 773, 773
BITAND 1, 1029, 1029
BITAND 2, 1285, 1285
BITOR 773, 1029, 1029
BITOR 1029, 1285, 1285
BITAND 0, 774, 774
BITAND 1, 1030, 1030
BITAND 2, 1286, 1286
BITOR 774, 1030, 1030
BITOR 1030, 1286, 1286
BITAND 0, 775, 775
BITAND 1, 1031, 1031
BITAND 2, 1287, 1287
BITOR 775, 1031, 1031
BITOR 1031, 1287, 1287
BITAND 0, 776, 776
BITAND 1, 1032, 1032
BITAND 2, 1288, 1288
BITOR 776, 1032, 1032
BITOR 1032, 1288, 1288
BITAND 0, 777, 777
BITAND 1, 1033, 1033
BITAND 2, 1289, 1289
BITOR 777, 1033, 1033
BITOR 1033, 1289, 1289
BITAND 0, 778, 778
BITAND 1, 1034, 1034
BITAND 2, 1290, 1290
BITOR 778, 1034, 1034
BITOR 1034, 1290, 1290
BITAND 0, 779, 779
BITAND 1, 1035, 1035
BITAND 2, 1291, 1291
BITOR 779, 1035, 1035
BITOR 1035, 1291, 1291
#EXEBLOCK9:
//2097156
LD 3, 0, 3
LD 4, 0, 4
LD 5, 0, 5
LD 804, 0, 48
LD 805, 0, 49
LD 806, 0, 50
LD 807, 0, 51
LD 808, 0, 52
LD 809, 0, 53
LD 810, 0, 54
LD 811, 0, 55
LD 812, 0, 56
LD 813, 0, 57
LD 814, 0, 58
LD 815, 0, 59
LD 1060, 0, 60
LD 1061, 0, 61
LD 1062, 0, 62
LD 1063, 0, 63
LD 1064, 0, 64
LD 1065, 0, 65
LD 1066, 0, 66
LD 1067, 0, 67
LD 1068, 0, 68
LD 1069, 0, 69
LD 1070, 0, 70
LD 1071, 0, 71
LD 1316, 0, 72
LD 1317, 0, 73
LD 1318, 0, 74
LD 1319, 0, 75
LD 1320, 0, 76
LD 1321, 0, 77
LD 1322, 0, 78
LD 1323, 0, 79
LD 1324, 0, 80
LD 1325, 0, 81
LD 1326, 0, 82
LD 1327, 0, 83
BITAND 3, 804, 804
BITAND 4, 1060, 1060
BITAND 5, 1316, 1316
BITOR 804, 1060, 1060
BITOR 1060, 1316, 1316
BITAND 3, 805, 805
BITAND 4, 1061, 1061
BITAND 5, 1317, 1317
BITOR 805, 1061, 1061
BITOR 1061, 1317, 1317
BITAND 3, 806, 806
BITAND 4, 1062, 1062
BITAND 5, 1318, 1318
BITOR 806, 1062, 1062
BITOR 1062, 1318, 1318
BITAND 3, 807, 807
BITAND 4, 1063, 1063
BITAND 5, 1319, 1319
BITOR 807, 1063, 1063
BITOR 1063, 1319, 1319
BITAND 3, 808, 808
BITAND 4, 1064, 1064
BITAND 5, 1320, 1320
BITOR 808, 1064, 1064
BITOR 1064, 1320, 1320
BITAND 3, 809, 809
BITAND 4, 1065, 1065
BITAND 5, 1321, 1321
BITOR 809, 1065, 1065
BITOR 1065, 1321, 1321
BITAND 3, 810, 810
BITAND 4, 1066, 1066
BITAND 5, 1322, 1322
BITOR 810, 1066, 1066
BITOR 1066, 1322, 1322
BITAND 3, 811, 811
BITAND 4, 1067, 1067
BITAND 5, 1323, 1323
BITOR 811, 1067, 1067
BITOR 1067, 1323, 1323
BITAND 3, 812, 812
BITAND 4, 1068, 1068
BITAND 5, 1324, 1324
BITOR 812, 1068, 1068
BITOR 1068, 1324, 1324
BITAND 3, 813, 813
BITAND 4, 1069, 1069
BITAND 5, 1325, 1325
BITOR 813, 1069, 1069
BITOR 1069, 1325, 1325
BITAND 3, 814, 814
BITAND 4, 1070, 1070
BITAND 5, 1326, 1326
BITOR 814, 1070, 1070
BITOR 1070, 1326, 1326
BITAND 3, 815, 815
BITAND 4, 1071, 1071
BITAND 5, 1327, 1327
BITOR 815, 1071, 1071
BITOR 1071, 1327, 1327
#EXEBLOCK10:
//2330172
LD 6, 0, 6
LD 7, 0, 7
LD 8, 0, 8
LD 1352, 0, 84
LD 1353, 0, 85
LD 1354, 0, 86
LD 1355, 0, 87
LD 1356, 0, 88
LD 1357, 0, 89
LD 1358, 0, 90
LD 1359, 0, 91
LD 1360, 0, 92
LD 1361, 0, 93
LD 1362, 0, 94
LD 1363, 0, 95
LD 1608, 0, 96
LD 1609, 0, 97
LD 1610, 0, 98
LD 1611, 0, 99
LD 1612, 0, 100
LD 1613, 0, 101
LD 1614, 0, 102
LD 1615, 0, 103
LD 1616, 0, 104
LD 1617, 0, 105
LD 1618, 0, 106
LD 1619, 0, 107
LD 1864, 0, 108
LD 1865, 0, 109
LD 1866, 0, 110
LD 1867, 0, 111
LD 1868, 0, 112
LD 1869, 0, 113
LD 1870, 0, 114
LD 1871, 0, 115
LD 1872, 0, 116
LD 1873, 0, 117
LD 1874, 0, 118
LD 1875, 0, 119
BITAND 6, 1352, 1352
BITAND 7, 1608, 1608
BITAND 8, 1864, 1864
BITOR 1352, 1608, 1608
BITOR 1608, 1864, 1864
BITAND 6, 1353, 1353
BITAND 7, 1609, 1609
BITAND 8, 1865, 1865
BITOR 1353, 1609, 1609
BITOR 1609, 1865, 1865
BITAND 6, 1354, 1354
BITAND 7, 1610, 1610
BITAND 8, 1866, 1866
BITOR 1354, 1610, 1610
BITOR 1610, 1866, 1866
BITAND 6, 1355, 1355
BITAND 7, 1611, 1611
BITAND 8, 1867, 1867
BITOR 1355, 1611, 1611
BITOR 1611, 1867, 1867
BITAND 6, 1356, 1356
BITAND 7, 1612, 1612
BITAND 8, 1868, 1868
BITOR 1356, 1612, 1612
BITOR 1612, 1868, 1868
BITAND 6, 1357, 1357
BITAND 7, 1613, 1613
BITAND 8, 1869, 1869
BITOR 1357, 1613, 1613
BITOR 1613, 1869, 1869
BITAND 6, 1358, 1358
BITAND 7, 1614, 1614
BITAND 8, 1870, 1870
BITOR 1358, 1614, 1614
BITOR 1614, 1870, 1870
BITAND 6, 1359, 1359
BITAND 7, 1615, 1615
BITAND 8, 1871, 1871
BITOR 1359, 1615, 1615
BITOR 1615, 1871, 1871
BITAND 6, 1360, 1360
BITAND 7, 1616, 1616
BITAND 8, 1872, 1872
BITOR 1360, 1616, 1616
BITOR 1616, 1872, 1872
BITAND 6, 1361, 1361
BITAND 7, 1617, 1617
BITAND 8, 1873, 1873
BITOR 1361, 1617, 1617
BITOR 1617, 1873, 1873
BITAND 6, 1362, 1362
BITAND 7, 1618, 1618
BITAND 8, 1874, 1874
BITOR 1362, 1618, 1618
BITOR 1618, 1874, 1874
BITAND 6, 1363, 1363
BITAND 7, 1619, 1619
BITAND 8, 1875, 1875
BITOR 1363, 1619, 1619
BITOR 1619, 1875, 1875
#EXEBLOCK11:
//2563188
LD 9, 0, 9
LD 10, 0, 10
LD 11, 0, 11
LD 1644, 0, 120
LD 1645, 0, 121
LD 1646, 0, 122
LD 1647, 0, 123
LD 1648, 0, 124
LD 1649, 0, 125
LD 1650, 0, 126
LD 1651, 0, 127
LD 1652, 0, 128
LD 1653, 0, 129
LD 1654, 0, 130
LD 1655, 0, 131
LD 1900, 0, 132
LD 1901, 0, 133
LD 1902, 0, 134
LD 1903, 0, 135
LD 1904, 0, 136
LD 1905, 0, 137
LD 1906, 0, 138
LD 1907, 0, 139
LD 1908, 0, 140
LD 1909, 0, 141
LD 1910, 0, 142
LD 1911, 0, 143
LD 364, 0, 144
LD 365, 0, 145
LD 366, 0, 146
LD 367, 0, 147
LD 368, 0, 148
LD 369, 0, 149
LD 370, 0, 150
LD 371, 0, 151
LD 372, 0, 152
LD 373, 0, 153
LD 374, 0, 154
LD 375, 0, 155
BITAND 9, 1644, 1644
BITAND 10, 1900, 1900
BITAND 11, 364, 364
BITOR 1644, 1900, 1900
BITOR 1900, 364, 364
BITAND 9, 1645, 1645
BITAND 10, 1901, 1901
BITAND 11, 365, 365
BITOR 1645, 1901, 1901
BITOR 1901, 365, 365
BITAND 9, 1646, 1646
BITAND 10, 1902, 1902
BITAND 11, 366, 366
BITOR 1646, 1902, 1902
BITOR 1902, 366, 366
BITAND 9, 1647, 1647
BITAND 10, 1903, 1903
BITAND 11, 367, 367
BITOR 1647, 1903, 1903
BITOR 1903, 367, 367
BITAND 9, 1648, 1648
BITAND 10, 1904, 1904
BITAND 11, 368, 368
BITOR 1648, 1904, 1904
BITOR 1904, 368, 368
BITAND 9, 1649, 1649
BITAND 10, 1905, 1905
BITAND 11, 369, 369
BITOR 1649, 1905, 1905
BITOR 1905, 369, 369
BITAND 9, 1650, 1650
BITAND 10, 1906, 1906
BITAND 11, 370, 370
BITOR 1650, 1906, 1906
BITOR 1906, 370, 370
BITAND 9, 1651, 1651
BITAND 10, 1907, 1907
BITAND 11, 371, 371
BITOR 1651, 1907, 1907
BITOR 1907, 371, 371
BITAND 9, 1652, 1652
BITAND 10, 1908, 1908
BITAND 11, 372, 372
BITOR 1652, 1908, 1908
BITOR 1908, 372, 372
BITAND 9, 1653, 1653
BITAND 10, 1909, 1909
BITAND 11, 373, 373
BITOR 1653, 1909, 1909
BITOR 1909, 373, 373
BITAND 9, 1654, 1654
BITAND 10, 1910, 1910
BITAND 11, 374, 374
BITOR 1654, 1910, 1910
BITOR 1910, 374, 374
BITAND 9, 1655, 1655
BITAND 10, 1911, 1911
BITAND 11, 375, 375
BITOR 1655, 1911, 1911
BITOR 1911, 375, 375
BITOR 364, 75, 364
BITOR 365, 76, 365
BITOR 366, 77, 366
BITOR 367, 78, 367
BITOR 368, 79, 368
BITOR 369, 80, 369
BITOR 370, 81, 370
BITOR 371, 82, 371
BITOR 372, 83, 372
BITOR 373, 84, 373
BITOR 374, 85, 374
BITOR 375, 86, 375
BITOR 364, 87, 364
BITOR 365, 88, 365
BITOR 366, 89, 366
BITOR 367, 90, 367
BITOR 368, 91, 368
BITOR 369, 92, 369
BITOR 370, 93, 370
BITOR 371, 94, 371
BITOR 372, 95, 372
BITOR 373, 96, 373
BITOR 374, 97, 374
BITOR 375, 98, 375
BITOR 364, 1280, 364
BITOR 365, 1281, 365
BITOR 366, 1282, 366
BITOR 367, 1283, 367
BITOR 368, 1284, 368
BITOR 369, 1285, 369
BITOR 370, 1286, 370
BITOR 371, 1287, 371
BITOR 372, 1288, 372
BITOR 373, 1289, 373
BITOR 374, 1290, 374
BITOR 375, 1291, 375
BITOR 364, 1316, 364
BITOR 365, 1317, 365
BITOR 366, 1318, 366
BITOR 367, 1319, 367
BITOR 368, 1320, 368
BITOR 369, 1321, 369
BITOR 370, 1322, 370
BITOR 371, 1323, 371
BITOR 372, 1324, 372
BITOR 373, 1325, 373
BITOR 374, 1326, 374
BITOR 375, 1327, 375
BITOR 364, 1864, 364
BITOR 365, 1865, 365
BITOR 366, 1866, 366
BITOR 367, 1867, 367
BITOR 368, 1868, 368
BITOR 369, 1869, 369
BITOR 370, 1870, 370
BITOR 371, 1871, 371
BITOR 372, 1872, 372
BITOR 373, 1873, 373
BITOR 374, 1874, 374
BITOR 375, 1875, 375
ST 364, 0, 0
ST 365, 0, 1
ST 366, 0, 2
ST 367, 0, 3
ST 368, 0, 4
ST 369, 0, 5
ST 370, 0, 6
ST 371, 0, 7
ST 372, 0, 8
ST 373, 0, 9
ST 374, 0, 10
ST 375, 0, 11
#EXEBLOCK12:
//2796204
LD 0, 0, 0
LD 1, 0, 1
LD 2, 0, 2
LD 256, 0, 12
LD 257, 0, 13
LD 258, 0, 14
LD 259, 0, 15
LD 260, 0, 16
LD 261, 0, 17
LD 262, 0, 18
LD 263, 0, 19
LD 264, 0, 20
LD 265, 0, 21
LD 266, 0, 22
LD 267, 0, 23
LD 512, 0, 24
LD 513, 0, 25
LD 514, 0, 26
LD 515, 0, 27
LD 516, 0, 28
LD 517, 0, 29
LD 518, 0, 30
LD 519, 0, 31
LD 520, 0, 32
LD 521, 0, 33
LD 522, 0, 34
LD 523, 0, 35
LD 768, 0, 36
LD 769, 0, 37
LD 770, 0, 38
LD 771, 0, 39
LD 772, 0, 40
LD 773, 0, 41
LD 774, 0, 42
LD 775, 0, 43
LD 776, 0, 44
LD 777, 0, 45
LD 778, 0, 46
LD 779, 0, 47
BITAND 0, 256, 256
BITAND 1, 512, 512
BITAND 2, 768, 768
BITOR 256, 512, 512
BITOR 512, 768, 768
BITAND 0, 257, 257
BITAND 1, 513, 513
BITAND 2, 769, 769
BITOR 257, 513, 513
BITOR 513, 769, 769
BITAND 0, 258, 258
BITAND 1, 514, 514
BITAND 2, 770, 770
BITOR 258, 514, 514
BITOR 514, 770, 770
BITAND 0, 259, 259
BITAND 1, 515, 515
BITAND 2, 771, 771
BITOR 259, 515, 515
BITOR 515, 771, 771
BITAND 0, 260, 260
BITAND 1, 516, 516
BITAND 2, 772, 772
BITOR 260, 516, 516
BITOR 516, 772, 772
BITAND 0, 261, 261
BITAND 1, 517, 517
BITAND 2, 773, 773
BITOR 261, 517, 517
BITOR 517, 773, 773
BITAND 0, 262, 262
BITAND 1, 518, 518
BITAND 2, 774, 774
BITOR 262, 518, 518
BITOR 518, 774, 774
BITAND 0, 263, 263
BITAND 1, 519, 519
BITAND 2, 775, 775
BITOR 263, 519, 519
BITOR 519, 775, 775
BITAND 0, 264, 264
BITAND 1, 520, 520
BITAND 2, 776, 776
BITOR 264, 520, 520
BITOR 520, 776, 776
BITAND 0, 265, 265
BITAND 1, 521, 521
BITAND 2, 777, 777
BITOR 265, 521, 521
BITOR 521, 777, 777
BITAND 0, 266, 266
BITAND 1, 522, 522
BITAND 2, 778, 778
BITOR 266, 522, 522
BITOR 522, 778, 778
BITAND 0, 267, 267
BITAND 1, 523, 523
BITAND 2, 779, 779
BITOR 267, 523, 523
BITOR 523, 779, 779
#EXEBLOCK13:
//3029220
LD 3, 0, 3
LD 4, 0, 4
LD 5, 0, 5
LD 804, 0, 48
LD 805, 0, 49
LD 806, 0, 50
LD 807, 0, 51
LD 808, 0, 52
LD 809, 0, 53
LD 810, 0, 54
LD 811, 0, 55
LD 812, 0, 56
LD 813, 0, 57
LD 814, 0, 58
LD 815, 0, 59
LD 1060, 0, 60
LD 1061, 0, 61
LD 1062, 0, 62
LD 1063, 0, 63
LD 1064, 0, 64
LD 1065, 0, 65
LD 1066, 0, 66
LD 1067, 0, 67
LD 1068, 0, 68
LD 1069, 0, 69
LD 1070, 0, 70
LD 1071, 0, 71
LD 1316, 0, 72
LD 1317, 0, 73
LD 1318, 0, 74
LD 1319, 0, 75
LD 1320, 0, 76
LD 1321, 0, 77
LD 1322, 0, 78
LD 1323, 0, 79
LD 1324, 0, 80
LD 1325, 0, 81
LD 1326, 0, 82
LD 1327, 0, 83
BITAND 3, 804, 804
BITAND 4, 1060, 1060
BITAND 5, 1316, 1316
BITOR 804, 1060, 1060
BITOR 1060, 1316, 1316
BITAND 3, 805, 805
BITAND 4, 1061, 1061
BITAND 5, 1317, 1317
BITOR 805, 1061, 1061
BITOR 1061, 1317, 1317
BITAND 3, 806, 806
BITAND 4, 1062, 1062
BITAND 5, 1318, 1318
BITOR 806, 1062, 1062
BITOR 1062, 1318, 1318
BITAND 3, 807, 807
BITAND 4, 1063, 1063
BITAND 5, 1319, 1319
BITOR 807, 1063, 1063
BITOR 1063, 1319, 1319
BITAND 3, 808, 808
BITAND 4, 1064, 1064
BITAND 5, 1320, 1320
BITOR 808, 1064, 1064
BITOR 1064, 1320, 1320
BITAND 3, 809, 809
BITAND 4, 1065, 1065
BITAND 5, 1321, 1321
BITOR 809, 1065, 1065
BITOR 1065, 1321, 1321
BITAND 3, 810, 810
BITAND 4, 1066, 1066
BITAND 5, 1322, 1322
BITOR 810, 1066, 1066
BITOR 1066, 1322, 1322
BITAND 3, 811, 811
BITAND 4, 1067, 1067
BITAND 5, 1323, 1323
BITOR 811, 1067, 1067
BITOR 1067, 1323, 1323
BITAND 3, 812, 812
BITAND 4, 1068, 1068
BITAND 5, 1324, 1324
BITOR 812, 1068, 1068
BITOR 1068, 1324, 1324
BITAND 3, 813, 813
BITAND 4, 1069, 1069
BITAND 5, 1325, 1325
BITOR 813, 1069, 1069
BITOR 1069, 1325, 1325
BITAND 3, 814, 814
BITAND 4, 1070, 1070
BITAND 5, 1326, 1326
BITOR 814, 1070, 1070
BITOR 1070, 1326, 1326
BITAND 3, 815, 815
BITAND 4, 1071, 1071
BITAND 5, 1327, 1327
BITOR 815, 1071, 1071
BITOR 1071, 1327, 1327
#EXEBLOCK14:
//3262240
LD 6, 0, 6
LD 7, 0, 7
LD 8, 0, 8
LD 840, 0, 84
LD 841, 0, 85
LD 842, 0, 86
LD 843, 0, 87
LD 844, 0, 88
LD 845, 0, 89
LD 846, 0, 90
LD 847, 0, 91
LD 848, 0, 92
LD 849, 0, 93
LD 850, 0, 94
LD 851, 0, 95
LD 1096, 0, 96
LD 1097, 0, 97
LD 1098, 0, 98
LD 1099, 0, 99
LD 1100, 0, 100
LD 1101, 0, 101
LD 1102, 0, 102
LD 1103, 0, 103
LD 1104, 0, 104
LD 1105, 0, 105
LD 1106, 0, 106
LD 1107, 0, 107
LD 1352, 0, 108
LD 1353, 0, 109
LD 1354, 0, 110
LD 1355, 0, 111
LD 1356, 0, 112
LD 1357, 0, 113
LD 1358, 0, 114
LD 1359, 0, 115
LD 1360, 0, 116
LD 1361, 0, 117
LD 1362, 0, 118
LD 1363, 0, 119
BITAND 6, 840, 840
BITAND 7, 1096, 1096
BITAND 8, 1352, 1352
BITOR 840, 1096, 1096
BITOR 1096, 1352, 1352
BITAND 6, 841, 841
BITAND 7, 1097, 1097
BITAND 8, 1353, 1353
BITOR 841, 1097, 1097
BITOR 1097, 1353, 1353
BITAND 6, 842, 842
BITAND 7, 1098, 1098
BITAND 8, 1354, 1354
BITOR 842, 1098, 1098
BITOR 1098, 1354, 1354
BITAND 6, 843, 843
BITAND 7, 1099, 1099
BITAND 8, 1355, 1355
BITOR 843, 1099, 1099
BITOR 1099, 1355, 1355
BITAND 6, 844, 844
BITAND 7, 1100, 1100
BITAND 8, 1356, 1356
BITOR 844, 1100, 1100
BITOR 1100, 1356, 1356
BITAND 6, 845, 845
BITAND 7, 1101, 1101
BITAND 8, 1357, 1357
BITOR 845, 1101, 1101
BITOR 1101, 1357, 1357
BITAND 6, 846, 846
BITAND 7, 1102, 1102
BITAND 8, 1358, 1358
BITOR 846, 1102, 1102
BITOR 1102, 1358, 1358
BITAND 6, 847, 847
BITAND 7, 1103, 1103
BITAND 8, 1359, 1359
BITOR 847, 1103, 1103
BITOR 1103, 1359, 1359
BITAND 6, 848, 848
BITAND 7, 1104, 1104
BITAND 8, 1360, 1360
BITOR 848, 1104, 1104
BITOR 1104, 1360, 1360
BITAND 6, 849, 849
BITAND 7, 1105, 1105
BITAND 8, 1361, 1361
BITOR 849, 1105, 1105
BITOR 1105, 1361, 1361
BITAND 6, 850, 850
BITAND 7, 1106, 1106
BITAND 8, 1362, 1362
BITOR 850, 1106, 1106
BITOR 1106, 1362, 1362
BITAND 6, 851, 851
BITAND 7, 1107, 1107
BITAND 8, 1363, 1363
BITOR 851, 1107, 1107
BITOR 1107, 1363, 1363
#EXEBLOCK15:
//3495256
LD 9, 0, 9
LD 10, 0, 10
LD 11, 0, 11
LD 1900, 0, 120
LD 1901, 0, 121
LD 1902, 0, 122
LD 1903, 0, 123
LD 1904, 0, 124
LD 1905, 0, 125
LD 1906, 0, 126
LD 1907, 0, 127
LD 1908, 0, 128
LD 1909, 0, 129
LD 1910, 0, 130
LD 1911, 0, 131
LD 364, 0, 132
LD 365, 0, 133
LD 366, 0, 134
LD 367, 0, 135
LD 368, 0, 136
LD 369, 0, 137
LD 370, 0, 138
LD 371, 0, 139
LD 372, 0, 140
LD 373, 0, 141
LD 374, 0, 142
LD 375, 0, 143
LD 620, 0, 144
LD 621, 0, 145
LD 622, 0, 146
LD 623, 0, 147
LD 624, 0, 148
LD 625, 0, 149
LD 626, 0, 150
LD 627, 0, 151
LD 628, 0, 152
LD 629, 0, 153
LD 630, 0, 154
LD 631, 0, 155
BITAND 9, 1900, 1900
BITAND 10, 364, 364
BITAND 11, 620, 620
BITOR 1900, 364, 364
BITOR 364, 620, 620
BITAND 9, 1901, 1901
BITAND 10, 365, 365
BITAND 11, 621, 621
BITOR 1901, 365, 365
BITOR 365, 621, 621
BITAND 9, 1902, 1902
BITAND 10, 366, 366
BITAND 11, 622, 622
BITOR 1902, 366, 366
BITOR 366, 622, 622
BITAND 9, 1903, 1903
BITAND 10, 367, 367
BITAND 11, 623, 623
BITOR 1903, 367, 367
BITOR 367, 623, 623
BITAND 9, 1904, 1904
BITAND 10, 368, 368
BITAND 11, 624, 624
BITOR 1904, 368, 368
BITOR 368, 624, 624
BITAND 9, 1905, 1905
BITAND 10, 369, 369
BITAND 11, 625, 625
BITOR 1905, 369, 369
BITOR 369, 625, 625
BITAND 9, 1906, 1906
BITAND 10, 370, 370
BITAND 11, 626, 626
BITOR 1906, 370, 370
BITOR 370, 626, 626
BITAND 9, 1907, 1907
BITAND 10, 371, 371
BITAND 11, 627, 627
BITOR 1907, 371, 371
BITOR 371, 627, 627
BITAND 9, 1908, 1908
BITAND 10, 372, 372
BITAND 11, 628, 628
BITOR 1908, 372, 372
BITOR 372, 628, 628
BITAND 9, 1909, 1909
BITAND 10, 373, 373
BITAND 11, 629, 629
BITOR 1909, 373, 373
BITOR 373, 629, 629
BITAND 9, 1910, 1910
BITAND 10, 374, 374
BITAND 11, 630, 630
BITOR 1910, 374, 374
BITOR 374, 630, 630
BITAND 9, 1911, 1911
BITAND 10, 375, 375
BITAND 11, 631, 631
BITOR 1911, 375, 375
BITOR 375, 631, 631
BITOR 620, 768, 620
BITOR 621, 769, 621
BITOR 622, 770, 622
BITOR 623, 771, 623
BITOR 624, 772, 624
BITOR 625, 773, 625
BITOR 626, 774, 626
BITOR 627, 775, 627
BITOR 628, 776, 628
BITOR 629, 777, 629
BITOR 630, 778, 630
BITOR 631, 779, 631
BITOR 620, 1316, 620
BITOR 621, 1317, 621
BITOR 622, 1318, 622
BITOR 623, 1319, 623
BITOR 624, 1320, 624
BITOR 625, 1321, 625
BITOR 626, 1322, 626
BITOR 627, 1323, 627
BITOR 628, 1324, 628
BITOR 629, 1325, 629
BITOR 630, 1326, 630
BITOR 631, 1327, 631
BITOR 620, 1352, 620
BITOR 621, 1353, 621
BITOR 622, 1354, 622
BITOR 623, 1355, 623
BITOR 624, 1356, 624
BITOR 625, 1357, 625
BITOR 626, 1358, 626
BITOR 627, 1359, 627
BITOR 628, 1360, 628
BITOR 629, 1361, 629
BITOR 630, 1362, 630
BITOR 631, 1363, 631
COPY 620, 111, 5
COPY 621, 112, 5
COPY 622, 113, 5
COPY 623, 114, 5
COPY 624, 115, 5
COPY 625, 116, 5
COPY 626, 117, 5
COPY 627, 118, 5
COPY 628, 119, 5
COPY 629, 120, 5
COPY 630, 121, 5
COPY 631, 122, 5
#EXEBLOCK16:
//3728272
LD 0, 0, 0
LD 1, 0, 1
LD 2, 0, 2
LD 512, 0, 12
LD 513, 0, 13
LD 514, 0, 14
LD 515, 0, 15
LD 516, 0, 16
LD 517, 0, 17
LD 518, 0, 18
LD 519, 0, 19
LD 520, 0, 20
LD 521, 0, 21
LD 522, 0, 22
LD 523, 0, 23
LD 768, 0, 24
LD 769, 0, 25
LD 770, 0, 26
LD 771, 0, 27
LD 772, 0, 28
LD 773, 0, 29
LD 774, 0, 30
LD 775, 0, 31
LD 776, 0, 32
LD 777, 0, 33
LD 778, 0, 34
LD 779, 0, 35
LD 1024, 0, 36
LD 1025, 0, 37
LD 1026, 0, 38
LD 1027, 0, 39
LD 1028, 0, 40
LD 1029, 0, 41
LD 1030, 0, 42
LD 1031, 0, 43
LD 1032, 0, 44
LD 1033, 0, 45
LD 1034, 0, 46
LD 1035, 0, 47
BITAND 0, 512, 512
BITAND 1, 768, 768
BITAND 2, 1024, 1024
BITOR 512, 768, 768
BITOR 768, 1024, 1024
BITAND 0, 513, 513
BITAND 1, 769, 769
BITAND 2, 1025, 1025
BITOR 513, 769, 769
BITOR 769, 1025, 1025
BITAND 0, 514, 514
BITAND 1, 770, 770
BITAND 2, 1026, 1026
BITOR 514, 770, 770
BITOR 770, 1026, 1026
BITAND 0, 515, 515
BITAND 1, 771, 771
BITAND 2, 1027, 1027
BITOR 515, 771, 771
BITOR 771, 1027, 1027
BITAND 0, 516, 516
BITAND 1, 772, 772
BITAND 2, 1028, 1028
BITOR 516, 772, 772
BITOR 772, 1028, 1028
BITAND 0, 517, 517
BITAND 1, 773, 773
BITAND 2, 1029, 1029
BITOR 517, 773, 773
BITOR 773, 1029, 1029
BITAND 0, 518, 518
BITAND 1, 774, 774
BITAND 2, 1030, 1030
BITOR 518, 774, 774
BITOR 774, 1030, 1030
BITAND 0, 519, 519
BITAND 1, 775, 775
BITAND 2, 1031, 1031
BITOR 519, 775, 775
BITOR 775, 1031, 1031
BITAND 0, 520, 520
BITAND 1, 776, 776
BITAND 2, 1032, 1032
BITOR 520, 776, 776
BITOR 776, 1032, 1032
BITAND 0, 521, 521
BITAND 1, 777, 777
BITAND 2, 1033, 1033
BITOR 521, 777, 777
BITOR 777, 1033, 1033
BITAND 0, 522, 522
BITAND 1, 778, 778
BITAND 2, 1034, 1034
BITOR 522, 778, 778
BITOR 778, 1034, 1034
BITAND 0, 523, 523
BITAND 1, 779, 779
BITAND 2, 1035, 1035
BITOR 523, 779, 779
BITOR 779, 1035, 1035
#EXEBLOCK17:
//3961288
LD 3, 0, 3
LD 4, 0, 4
LD 5, 0, 5
LD 1572, 0, 48
LD 1573, 0, 49
LD 1574, 0, 50
LD 1575, 0, 51
LD 1576, 0, 52
LD 1577, 0, 53
LD 1578, 0, 54
LD 1579, 0, 55
LD 1580, 0, 56
LD 1581, 0, 57
LD 1582, 0, 58
LD 1583, 0, 59
LD 1828, 0, 60
LD 1829, 0, 61
LD 1830, 0, 62
LD 1831, 0, 63
LD 1832, 0, 64
LD 1833, 0, 65
LD 1834, 0, 66
LD 1835, 0, 67
LD 1836, 0, 68
LD 1837, 0, 69
LD 1838, 0, 70
LD 1839, 0, 71
LD 292, 0, 72
LD 293, 0, 73
LD 294, 0, 74
LD 295, 0, 75
LD 296, 0, 76
LD 297, 0, 77
LD 298, 0, 78
LD 299, 0, 79
LD 300, 0, 80
LD 301, 0, 81
LD 302, 0, 82
LD 303, 0, 83
BITAND 3, 1572, 1572
BITAND 4, 1828, 1828
BITAND 5, 292, 292
BITOR 1572, 1828, 1828
BITOR 1828, 292, 292
BITAND 3, 1573, 1573
BITAND 4, 1829, 1829
BITAND 5, 293, 293
BITOR 1573, 1829, 1829
BITOR 1829, 293, 293
BITAND 3, 1574, 1574
BITAND 4, 1830, 1830
BITAND 5, 294, 294
BITOR 1574, 1830, 1830
BITOR 1830, 294, 294
BITAND 3, 1575, 1575
BITAND 4, 1831, 1831
BITAND 5, 295, 295
BITOR 1575, 1831, 1831
BITOR 1831, 295, 295
BITAND 3, 1576, 1576
BITAND 4, 1832, 1832
BITAND 5, 296, 296
BITOR 1576, 1832, 1832
BITOR 1832, 296, 296
BITAND 3, 1577, 1577
BITAND 4, 1833, 1833
BITAND 5, 297, 297
BITOR 1577, 1833, 1833
BITOR 1833, 297, 297
BITAND 3, 1578, 1578
BITAND 4, 1834, 1834
BITAND 5, 298, 298
BITOR 1578, 1834, 1834
BITOR 1834, 298, 298
BITAND 3, 1579, 1579
BITAND 4, 1835, 1835
BITAND 5, 299, 299
BITOR 1579, 1835, 1835
BITOR 1835, 299, 299
BITAND 3, 1580, 1580
BITAND 4, 1836, 1836
BITAND 5, 300, 300
BITOR 1580, 1836, 1836
BITOR 1836, 300, 300
BITAND 3, 1581, 1581
BITAND 4, 1837, 1837
BITAND 5, 301, 301
BITOR 1581, 1837, 1837
BITOR 1837, 301, 301
BITAND 3, 1582, 1582
BITAND 4, 1838, 1838
BITAND 5, 302, 302
BITOR 1582, 1838, 1838
BITOR 1838, 302, 302
BITAND 3, 1583, 1583
BITAND 4, 1839, 1839
BITAND 5, 303, 303
BITOR 1583, 1839, 1839
BITOR 1839, 303, 303
#EXEBLOCK18:
//4194308
LD 6, 0, 6
LD 7, 0, 7
LD 8, 0, 8
LD 1096, 0, 84
LD 1097, 0, 85
LD 1098, 0, 86
LD 1099, 0, 87
LD 1100, 0, 88
LD 1101, 0, 89
LD 1102, 0, 90
LD 1103, 0, 91
LD 1104, 0, 92
LD 1105, 0, 93
LD 1106, 0, 94
LD 1107, 0, 95
LD 1352, 0, 96
LD 1353, 0, 97
LD 1354, 0, 98
LD 1355, 0, 99
LD 1356, 0, 100
LD 1357, 0, 101
LD 1358, 0, 102
LD 1359, 0, 103
LD 1360, 0, 104
LD 1361, 0, 105
LD 1362, 0, 106
LD 1363, 0, 107
LD 1608, 0, 108
LD 1609, 0, 109
LD 1610, 0, 110
LD 1611, 0, 111
LD 1612, 0, 112
LD 1613, 0, 113
LD 1614, 0, 114
LD 1615, 0, 115
LD 1616, 0, 116
LD 1617, 0, 117
LD 1618, 0, 118
LD 1619, 0, 119
BITAND 6, 1096, 1096
BITAND 7, 1352, 1352
BITAND 8, 1608, 1608
BITOR 1096, 1352, 1352
BITOR 1352, 1608, 1608
BITAND 6, 1097, 1097
BITAND 7, 1353, 1353
BITAND 8, 1609, 1609
BITOR 1097, 1353, 1353
BITOR 1353, 1609, 1609
BITAND 6, 1098, 1098
BITAND 7, 1354, 1354
BITAND 8, 1610, 1610
BITOR 1098, 1354, 1354
BITOR 1354, 1610, 1610
BITAND 6, 1099, 1099
BITAND 7, 1355, 1355
BITAND 8, 1611, 1611
BITOR 1099, 1355, 1355
BITOR 1355, 1611, 1611
BITAND 6, 1100, 1100
BITAND 7, 1356, 1356
BITAND 8, 1612, 1612
BITOR 1100, 1356, 1356
BITOR 1356, 1612, 1612
BITAND 6, 1101, 1101
BITAND 7, 1357, 1357
BITAND 8, 1613, 1613
BITOR 1101, 1357, 1357
BITOR 1357, 1613, 1613
BITAND 6, 1102, 1102
BITAND 7, 1358, 1358
BITAND 8, 1614, 1614
BITOR 1102, 1358, 1358
BITOR 1358, 1614, 1614
BITAND 6, 1103, 1103
BITAND 7, 1359, 1359
BITAND 8, 1615, 1615
BITOR 1103, 1359, 1359
BITOR 1359, 1615, 1615
BITAND 6, 1104, 1104
BITAND 7, 1360, 1360
BITAND 8, 1616, 1616
BITOR 1104, 1360, 1360
BITOR 1360, 1616, 1616
BITAND 6, 1105, 1105
BITAND 7, 1361, 1361
BITAND 8, 1617, 1617
BITOR 1105, 1361, 1361
BITOR 1361, 1617, 1617
BITAND 6, 1106, 1106
BITAND 7, 1362, 1362
BITAND 8, 1618, 1618
BITOR 1106, 1362, 1362
BITOR 1362, 1618, 1618
BITAND 6, 1107, 1107
BITAND 7, 1363, 1363
BITAND 8, 1619, 1619
BITOR 1107, 1363, 1363
BITOR 1363, 1619, 1619
#EXEBLOCK19:
//4427324
LD 9, 0, 9
LD 10, 0, 10
LD 11, 0, 11
LD 1900, 0, 120
LD 1901, 0, 121
LD 1902, 0, 122
LD 1903, 0, 123
LD 1904, 0, 124
LD 1905, 0, 125
LD 1906, 0, 126
LD 1907, 0, 127
LD 1908, 0, 128
LD 1909, 0, 129
LD 1910, 0, 130
LD 1911, 0, 131
LD 364, 0, 132
LD 365, 0, 133
LD 366, 0, 134
LD 367, 0, 135
LD 368, 0, 136
LD 369, 0, 137
LD 370, 0, 138
LD 371, 0, 139
LD 372, 0, 140
LD 373, 0, 141
LD 374, 0, 142
LD 375, 0, 143
LD 620, 0, 144
LD 621, 0, 145
LD 622, 0, 146
LD 623, 0, 147
LD 624, 0, 148
LD 625, 0, 149
LD 626, 0, 150
LD 627, 0, 151
LD 628, 0, 152
LD 629, 0, 153
LD 630, 0, 154
LD 631, 0, 155
BITAND 9, 1900, 1900
BITAND 10, 364, 364
BITAND 11, 620, 620
BITOR 1900, 364, 364
BITOR 364, 620, 620
BITAND 9, 1901, 1901
BITAND 10, 365, 365
BITAND 11, 621, 621
BITOR 1901, 365, 365
BITOR 365, 621, 621
BITAND 9, 1902, 1902
BITAND 10, 366, 366
BITAND 11, 622, 622
BITOR 1902, 366, 366
BITOR 366, 622, 622
BITAND 9, 1903, 1903
BITAND 10, 367, 367
BITAND 11, 623, 623
BITOR 1903, 367, 367
BITOR 367, 623, 623
BITAND 9, 1904, 1904
BITAND 10, 368, 368
BITAND 11, 624, 624
BITOR 1904, 368, 368
BITOR 368, 624, 624
BITAND 9, 1905, 1905
BITAND 10, 369, 369
BITAND 11, 625, 625
BITOR 1905, 369, 369
BITOR 369, 625, 625
BITAND 9, 1906, 1906
BITAND 10, 370, 370
BITAND 11, 626, 626
BITOR 1906, 370, 370
BITOR 370, 626, 626
BITAND 9, 1907, 1907
BITAND 10, 371, 371
BITAND 11, 627, 627
BITOR 1907, 371, 371
BITOR 371, 627, 627
BITAND 9, 1908, 1908
BITAND 10, 372, 372
BITAND 11, 628, 628
BITOR 1908, 372, 372
BITOR 372, 628, 628
BITAND 9, 1909, 1909
BITAND 10, 373, 373
BITAND 11, 629, 629
BITOR 1909, 373, 373
BITOR 373, 629, 629
BITAND 9, 1910, 1910
BITAND 10, 374, 374
BITAND 11, 630, 630
BITOR 1910, 374, 374
BITOR 374, 630, 630
BITAND 9, 1911, 1911
BITAND 10, 375, 375
BITAND 11, 631, 631
BITOR 1911, 375, 375
BITOR 375, 631, 631
BITOR 620, 1024, 620
BITOR 621, 1025, 621
BITOR 622, 1026, 622
BITOR 623, 1027, 623
BITOR 624, 1028, 624
BITOR 625, 1029, 625
BITOR 626, 1030, 626
BITOR 627, 1031, 627
BITOR 628, 1032, 628
BITOR 629, 1033, 629
BITOR 630, 1034, 630
BITOR 631, 1035, 631
BITOR 620, 292, 620
BITOR 621, 293, 621
BITOR 622, 294, 622
BITOR 623, 295, 623
BITOR 624, 296, 624
BITOR 625, 297, 625
BITOR 626, 298, 626
BITOR 627, 299, 627
BITOR 628, 300, 628
BITOR 629, 301, 629
BITOR 630, 302, 630
BITOR 631, 303, 631
BITOR 620, 1608, 620
BITOR 621, 1609, 621
BITOR 622, 1610, 622
BITOR 623, 1611, 623
BITOR 624, 1612, 624
BITOR 625, 1613, 625
BITOR 626, 1614, 626
BITOR 627, 1615, 627
BITOR 628, 1616, 628
BITOR 629, 1617, 629
BITOR 630, 1618, 630
BITOR 631, 1619, 631
COPY 620, 123, 5
COPY 621, 124, 5
COPY 622, 125, 5
COPY 623, 126, 5
COPY 624, 127, 5
COPY 625, 128, 5
COPY 626, 129, 5
COPY 627, 130, 5
COPY 628, 131, 5
COPY 629, 132, 5
COPY 630, 133, 5
COPY 631, 134, 5
#EXEBLOCK20:
//4660340
LD 0, 0, 0
LD 1, 0, 1
LD 2, 0, 2
LD 1280, 0, 12
LD 1281, 0, 13
LD 1282, 0, 14
LD 1283, 0, 15
LD 1284, 0, 16
LD 1285, 0, 17
LD 1286, 0, 18
LD 1287, 0, 19
LD 1288, 0, 20
LD 1289, 0, 21
LD 1290, 0, 22
LD 1291, 0, 23
LD 1536, 0, 24
LD 1537, 0, 25
LD 1538, 0, 26
LD 1539, 0, 27
LD 1540, 0, 28
LD 1541, 0, 29
LD 1542, 0, 30
LD 1543, 0, 31
LD 1544, 0, 32
LD 1545, 0, 33
LD 1546, 0, 34
LD 1547, 0, 35
LD 1792, 0, 36
LD 1793, 0, 37
LD 1794, 0, 38
LD 1795, 0, 39
LD 1796, 0, 40
LD 1797, 0, 41
LD 1798, 0, 42
LD 1799, 0, 43
LD 1800, 0, 44
LD 1801, 0, 45
LD 1802, 0, 46
LD 1803, 0, 47
BITAND 0, 1280, 1280
BITAND 1, 1536, 1536
BITAND 2, 1792, 1792
BITOR 1280, 1536, 1536
BITOR 1536, 1792, 1792
BITAND 0, 1281, 1281
BITAND 1, 1537, 1537
BITAND 2, 1793, 1793
BITOR 1281, 1537, 1537
BITOR 1537, 1793, 1793
BITAND 0, 1282, 1282
BITAND 1, 1538, 1538
BITAND 2, 1794, 1794
BITOR 1282, 1538, 1538
BITOR 1538, 1794, 1794
BITAND 0, 1283, 1283
BITAND 1, 1539, 1539
BITAND 2, 1795, 1795
BITOR 1283, 1539, 1539
BITOR 1539, 1795, 1795
BITAND 0, 1284, 1284
BITAND 1, 1540, 1540
BITAND 2, 1796, 1796
BITOR 1284, 1540, 1540
BITOR 1540, 1796, 1796
BITAND 0, 1285, 1285
BITAND 1, 1541, 1541
BITAND 2, 1797, 1797
BITOR 1285, 1541, 1541
BITOR 1541, 1797, 1797
BITAND 0, 1286, 1286
BITAND 1, 1542, 1542
BITAND 2, 1798, 1798
BITOR 1286, 1542, 1542
BITOR 1542, 1798, 1798
BITAND 0, 1287, 1287
BITAND 1, 1543, 1543
BITAND 2, 1799, 1799
BITOR 1287, 1543, 1543
BITOR 1543, 1799, 1799
BITAND 0, 1288, 1288
BITAND 1, 1544, 1544
BITAND 2, 1800, 1800
BITOR 1288, 1544, 1544
BITOR 1544, 1800, 1800
BITAND 0, 1289, 1289
BITAND 1, 1545, 1545
BITAND 2, 1801, 1801
BITOR 1289, 1545, 1545
BITOR 1545, 1801, 1801
BITAND 0, 1290, 1290
BITAND 1, 1546, 1546
BITAND 2, 1802, 1802
BITOR 1290, 1546, 1546
BITOR 1546, 1802, 1802
BITAND 0, 1291, 1291
BITAND 1, 1547, 1547
BITAND 2, 1803, 1803
BITOR 1291, 1547, 1547
BITOR 1547, 1803, 1803
#EXEBLOCK21:
//4893356
LD 3, 0, 3
LD 4, 0, 4
LD 5, 0, 5
LD 1828, 0, 48
LD 1829, 0, 49
LD 1830, 0, 50
LD 1831, 0, 51
LD 1832, 0, 52
LD 1833, 0, 53
LD 1834, 0, 54
LD 1835, 0, 55
LD 1836, 0, 56
LD 1837, 0, 57
LD 1838, 0, 58
LD 1839, 0, 59
LD 292, 0, 60
LD 293, 0, 61
LD 294, 0, 62
LD 295, 0, 63
LD 296, 0, 64
LD 297, 0, 65
LD 298, 0, 66
LD 299, 0, 67
LD 300, 0, 68
LD 301, 0, 69
LD 302, 0, 70
LD 303, 0, 71
LD 548, 0, 72
LD 549, 0, 73
LD 550, 0, 74
LD 551, 0, 75
LD 552, 0, 76
LD 553, 0, 77
LD 554, 0, 78
LD 555, 0, 79
LD 556, 0, 80
LD 557, 0, 81
LD 558, 0, 82
LD 559, 0, 83
BITAND 3, 1828, 1828
BITAND 4, 292, 292
BITAND 5, 548, 548
BITOR 1828, 292, 292
BITOR 292, 548, 548
BITAND 3, 1829, 1829
BITAND 4, 293, 293
BITAND 5, 549, 549
BITOR 1829, 293, 293
BITOR 293, 549, 549
BITAND 3, 1830, 1830
BITAND 4, 294, 294
BITAND 5, 550, 550
BITOR 1830, 294, 294
BITOR 294, 550, 550
BITAND 3, 1831, 1831
BITAND 4, 295, 295
BITAND 5, 551, 551
BITOR 1831, 295, 295
BITOR 295, 551, 551
BITAND 3, 1832, 1832
BITAND 4, 296, 296
BITAND 5, 552, 552
BITOR 1832, 296, 296
BITOR 296, 552, 552
BITAND 3, 1833, 1833
BITAND 4, 297, 297
BITAND 5, 553, 553
BITOR 1833, 297, 297
BITOR 297, 553, 553
BITAND 3, 1834, 1834
BITAND 4, 298, 298
BITAND 5, 554, 554
BITOR 1834, 298, 298
BITOR 298, 554, 554
BITAND 3, 1835, 1835
BITAND 4, 299, 299
BITAND 5, 555, 555
BITOR 1835, 299, 299
BITOR 299, 555, 555
BITAND 3, 1836, 1836
BITAND 4, 300, 300
BITAND 5, 556, 556
BITOR 1836, 300, 300
BITOR 300, 556, 556
BITAND 3, 1837, 1837
BITAND 4, 301, 301
BITAND 5, 557, 557
BITOR 1837, 301, 301
BITOR 301, 557, 557
BITAND 3, 1838, 1838
BITAND 4, 302, 302
BITAND 5, 558, 558
BITOR 1838, 302, 302
BITOR 302, 558, 558
BITAND 3, 1839, 1839
BITAND 4, 303, 303
BITAND 5, 559, 559
BITOR 1839, 303, 303
BITOR 303, 559, 559
#EXEBLOCK22:
//5126372
LD 6, 0, 6
LD 7, 0, 7
LD 8, 0, 8
LD 1864, 0, 84
LD 1865, 0, 85
LD 1866, 0, 86
LD 1867, 0, 87
LD 1868, 0, 88
LD 1869, 0, 89
LD 1870, 0, 90
LD 1871, 0, 91
LD 1872, 0, 92
LD 1873, 0, 93
LD 1874, 0, 94
LD 1875, 0, 95
LD 328, 0, 96
LD 329, 0, 97
LD 330, 0, 98
LD 331, 0, 99
LD 332, 0, 100
LD 333, 0, 101
LD 334, 0, 102
LD 335, 0, 103
LD 336, 0, 104
LD 337, 0, 105
LD 338, 0, 106
LD 339, 0, 107
LD 584, 0, 108
LD 585, 0, 109
LD 586, 0, 110
LD 587, 0, 111
LD 588, 0, 112
LD 589, 0, 113
LD 590, 0, 114
LD 591, 0, 115
LD 592, 0, 116
LD 593, 0, 117
LD 594, 0, 118
LD 595, 0, 119
BITAND 6, 1864, 1864
BITAND 7, 328, 328
BITAND 8, 584, 584
BITOR 1864, 328, 328
BITOR 328, 584, 584
BITAND 6, 1865, 1865
BITAND 7, 329, 329
BITAND 8, 585, 585
BITOR 1865, 329, 329
BITOR 329, 585, 585
BITAND 6, 1866, 1866
BITAND 7, 330, 330
BITAND 8, 586, 586
BITOR 1866, 330, 330
BITOR 330, 586, 586
BITAND 6, 1867, 1867
BITAND 7, 331, 331
BITAND 8, 587, 587
BITOR 1867, 331, 331
BITOR 331, 587, 587
BITAND 6, 1868, 1868
BITAND 7, 332, 332
BITAND 8, 588, 588
BITOR 1868, 332, 332
BITOR 332, 588, 588
BITAND 6, 1869, 1869
BITAND 7, 333, 333
BITAND 8, 589, 589
BITOR 1869, 333, 333
BITOR 333, 589, 589
BITAND 6, 1870, 1870
BITAND 7, 334, 334
BITAND 8, 590, 590
BITOR 1870, 334, 334
BITOR 334, 590, 590
BITAND 6, 1871, 1871
BITAND 7, 335, 335
BITAND 8, 591, 591
BITOR 1871, 335, 335
BITOR 335, 591, 591
BITAND 6, 1872, 1872
BITAND 7, 336, 336
BITAND 8, 592, 592
BITOR 1872, 336, 336
BITOR 336, 592, 592
BITAND 6, 1873, 1873
BITAND 7, 337, 337
BITAND 8, 593, 593
BITOR 1873, 337, 337
BITOR 337, 593, 593
BITAND 6, 1874, 1874
BITAND 7, 338, 338
BITAND 8, 594, 594
BITOR 1874, 338, 338
BITOR 338, 594, 594
BITAND 6, 1875, 1875
BITAND 7, 339, 339
BITAND 8, 595, 595
BITOR 1875, 339, 339
BITOR 339, 595, 595
#EXEBLOCK23:
//5359392
LD 9, 0, 9
LD 10, 0, 10
LD 11, 0, 11
LD 620, 0, 120
LD 621, 0, 121
LD 622, 0, 122
LD 623, 0, 123
LD 624, 0, 124
LD 625, 0, 125
LD 626, 0, 126
LD 627, 0, 127
LD 628, 0, 128
LD 629, 0, 129
LD 630, 0, 130
LD 631, 0, 131
LD 876, 0, 132
LD 877, 0, 133
LD 878, 0, 134
LD 879, 0, 135
LD 880, 0, 136
LD 881, 0, 137
LD 882, 0, 138
LD 883, 0, 139
LD 884, 0, 140
LD 885, 0, 141
LD 886, 0, 142
LD 887, 0, 143
LD 1132, 0, 144
LD 1133, 0, 145
LD 1134, 0, 146
LD 1135, 0, 147
LD 1136, 0, 148
LD 1137, 0, 149
LD 1138, 0, 150
LD 1139, 0, 151
LD 1140, 0, 152
LD 1141, 0, 153
LD 1142, 0, 154
LD 1143, 0, 155
BITAND 9, 620, 620
BITAND 10, 876, 876
BITAND 11, 1132, 1132
BITOR 620, 876, 876
BITOR 876, 1132, 1132
BITAND 9, 621, 621
BITAND 10, 877, 877
BITAND 11, 1133, 1133
BITOR 621, 877, 877
BITOR 877, 1133, 1133
BITAND 9, 622, 622
BITAND 10, 878, 878
BITAND 11, 1134, 1134
BITOR 622, 878, 878
BITOR 878, 1134, 1134
BITAND 9, 623, 623
BITAND 10, 879, 879
BITAND 11, 1135, 1135
BITOR 623, 879, 879
BITOR 879, 1135, 1135
BITAND 9, 624, 624
BITAND 10, 880, 880
BITAND 11, 1136, 1136
BITOR 624, 880, 880
BITOR 880, 1136, 1136
BITAND 9, 625, 625
BITAND 10, 881, 881
BITAND 11, 1137, 1137
BITOR 625, 881, 881
BITOR 881, 1137, 1137
BITAND 9, 626, 626
BITAND 10, 882, 882
BITAND 11, 1138, 1138
BITOR 626, 882, 882
BITOR 882, 1138, 1138
BITAND 9, 627, 627
BITAND 10, 883, 883
BITAND 11, 1139, 1139
BITOR 627, 883, 883
BITOR 883, 1139, 1139
BITAND 9, 628, 628
BITAND 10, 884, 884
BITAND 11, 1140, 1140
BITOR 628, 884, 884
BITOR 884, 1140, 1140
BITAND 9, 629, 629
BITAND 10, 885, 885
BITAND 11, 1141, 1141
BITOR 629, 885, 885
BITOR 885, 1141, 1141
BITAND 9, 630, 630
BITAND 10, 886, 886
BITAND 11, 1142, 1142
BITOR 630, 886, 886
BITOR 886, 1142, 1142
BITAND 9, 631, 631
BITAND 10, 887, 887
BITAND 11, 1143, 1143
BITOR 631, 887, 887
BITOR 887, 1143, 1143
BITOR 1132, 111, 1132
BITOR 1133, 112, 1133
BITOR 1134, 113, 1134
BITOR 1135, 114, 1135
BITOR 1136, 115, 1136
BITOR 1137, 116, 1137
BITOR 1138, 117, 1138
BITOR 1139, 118, 1139
BITOR 1140, 119, 1140
BITOR 1141, 120, 1141
BITOR 1142, 121, 1142
BITOR 1143, 122, 1143
BITOR 1132, 123, 1132
BITOR 1133, 124, 1133
BITOR 1134, 125, 1134
BITOR 1135, 126, 1135
BITOR 1136, 127, 1136
BITOR 1137, 128, 1137
BITOR 1138, 129, 1138
BITOR 1139, 130, 1139
BITOR 1140, 131, 1140
BITOR 1141, 132, 1141
BITOR 1142, 133, 1142
BITOR 1143, 134, 1143
BITOR 1132, 1792, 1132
BITOR 1133, 1793, 1133
BITOR 1134, 1794, 1134
BITOR 1135, 1795, 1135
BITOR 1136, 1796, 1136
BITOR 1137, 1797, 1137
BITOR 1138, 1798, 1138
BITOR 1139, 1799, 1139
BITOR 1140, 1800, 1140
BITOR 1141, 1801, 1141
BITOR 1142, 1802, 1142
BITOR 1143, 1803, 1143
BITOR 1132, 548, 1132
BITOR 1133, 549, 1133
BITOR 1134, 550, 1134
BITOR 1135, 551, 1135
BITOR 1136, 552, 1136
BITOR 1137, 553, 1137
BITOR 1138, 554, 1138
BITOR 1139, 555, 1139
BITOR 1140, 556, 1140
BITOR 1141, 557, 1141
BITOR 1142, 558, 1142
BITOR 1143, 559, 1143
BITOR 1132, 584, 1132
BITOR 1133, 585, 1133
BITOR 1134, 586, 1134
BITOR 1135, 587, 1135
BITOR 1136, 588, 1136
BITOR 1137, 589, 1137
BITOR 1138, 590, 1138
BITOR 1139, 591, 1139
BITOR 1140, 592, 1140
BITOR 1141, 593, 1141
BITOR 1142, 594, 1142
BITOR 1143, 595, 1143
ST 1132, 0, 0
ST 1133, 0, 1
ST 1134, 0, 2
ST 1135, 0, 3
ST 1136, 0, 4
ST 1137, 0, 5
ST 1138, 0, 6
ST 1139, 0, 7
ST 1140, 0, 8
ST 1141, 0, 9
ST 1142, 0, 10
ST 1143, 0, 11
#EXEBLOCK24:
//5592408
LD 0, 0, 0
LD 1, 0, 1
LD 2, 0, 2
LD 1536, 0, 12
LD 1537, 0, 13
LD 1538, 0, 14
LD 1539, 0, 15
LD 1540, 0, 16
LD 1541, 0, 17
LD 1542, 0, 18
LD 1543, 0, 19
LD 1544, 0, 20
LD 1545, 0, 21
LD 1546, 0, 22
LD 1547, 0, 23
LD 1792, 0, 24
LD 1793, 0, 25
LD 1794, 0, 26
LD 1795, 0, 27
LD 1796, 0, 28
LD 1797, 0, 29
LD 1798, 0, 30
LD 1799, 0, 31
LD 1800, 0, 32
LD 1801, 0, 33
LD 1802, 0, 34
LD 1803, 0, 35
LD 256, 0, 36
LD 257, 0, 37
LD 258, 0, 38
LD 259, 0, 39
LD 260, 0, 40
LD 261, 0, 41
LD 262, 0, 42
LD 263, 0, 43
LD 264, 0, 44
LD 265, 0, 45
LD 266, 0, 46
LD 267, 0, 47
BITAND 0, 1536, 1536
BITAND 1, 1792, 1792
BITAND 2, 256, 256
BITOR 1536, 1792, 1792
BITOR 1792, 256, 256
BITAND 0, 1537, 1537
BITAND 1, 1793, 1793
BITAND 2, 257, 257
BITOR 1537, 1793, 1793
BITOR 1793, 257, 257
BITAND 0, 1538, 1538
BITAND 1, 1794, 1794
BITAND 2, 258, 258
BITOR 1538, 1794, 1794
BITOR 1794, 258, 258
BITAND 0, 1539, 1539
BITAND 1, 1795, 1795
BITAND 2, 259, 259
BITOR 1539, 1795, 1795
BITOR 1795, 259, 259
BITAND 0, 1540, 1540
BITAND 1, 1796, 1796
BITAND 2, 260, 260
BITOR 1540, 1796, 1796
BITOR 1796, 260, 260
BITAND 0, 1541, 1541
BITAND 1, 1797, 1797
BITAND 2, 261, 261
BITOR 1541, 1797, 1797
BITOR 1797, 261, 261
BITAND 0, 1542, 1542
BITAND 1, 1798, 1798
BITAND 2, 262, 262
BITOR 1542, 1798, 1798
BITOR 1798, 262, 262
BITAND 0, 1543, 1543
BITAND 1, 1799, 1799
BITAND 2, 263, 263
BITOR 1543, 1799, 1799
BITOR 1799, 263, 263
BITAND 0, 1544, 1544
BITAND 1, 1800, 1800
BITAND 2, 264, 264
BITOR 1544, 1800, 1800
BITOR 1800, 264, 264
BITAND 0, 1545, 1545
BITAND 1, 1801, 1801
BITAND 2, 265, 265
BITOR 1545, 1801, 1801
BITOR 1801, 265, 265
BITAND 0, 1546, 1546
BITAND 1, 1802, 1802
BITAND 2, 266, 266
BITOR 1546, 1802, 1802
BITOR 1802, 266, 266
BITAND 0, 1547, 1547
BITAND 1, 1803, 1803
BITAND 2, 267, 267
BITOR 1547, 1803, 1803
BITOR 1803, 267, 267
#EXEBLOCK25:
//5825424
LD 3, 0, 3
LD 4, 0, 4
LD 5, 0, 5
LD 1828, 0, 48
LD 1829, 0, 49
LD 1830, 0, 50
LD 1831, 0, 51
LD 1832, 0, 52
LD 1833, 0, 53
LD 1834, 0, 54
LD 1835, 0, 55
LD 1836, 0, 56
LD 1837, 0, 57
LD 1838, 0, 58
LD 1839, 0, 59
LD 292, 0, 60
LD 293, 0, 61
LD 294, 0, 62
LD 295, 0, 63
LD 296, 0, 64
LD 297, 0, 65
LD 298, 0, 66
LD 299, 0, 67
LD 300, 0, 68
LD 301, 0, 69
LD 302, 0, 70
LD 303, 0, 71
LD 548, 0, 72
LD 549, 0, 73
LD 550, 0, 74
LD 551, 0, 75
LD 552, 0, 76
LD 553, 0, 77
LD 554, 0, 78
LD 555, 0, 79
LD 556, 0, 80
LD 557, 0, 81
LD 558, 0, 82
LD 559, 0, 83
BITAND 3, 1828, 1828
BITAND 4, 292, 292
BITAND 5, 548, 548
BITOR 1828, 292, 292
BITOR 292, 548, 548
BITAND 3, 1829, 1829
BITAND 4, 293, 293
BITAND 5, 549, 549
BITOR 1829, 293, 293
BITOR 293, 549, 549
BITAND 3, 1830, 1830
BITAND 4, 294, 294
BITAND 5, 550, 550
BITOR 1830, 294, 294
BITOR 294, 550, 550
BITAND 3, 1831, 1831
BITAND 4, 295, 295
BITAND 5, 551, 551
BITOR 1831, 295, 295
BITOR 295, 551, 551
BITAND 3, 1832, 1832
BITAND 4, 296, 296
BITAND 5, 552, 552
BITOR 1832, 296, 296
BITOR 296, 552, 552
BITAND 3, 1833, 1833
BITAND 4, 297, 297
BITAND 5, 553, 553
BITOR 1833, 297, 297
BITOR 297, 553, 553
BITAND 3, 1834, 1834
BITAND 4, 298, 298
BITAND 5, 554, 554
BITOR 1834, 298, 298
BITOR 298, 554, 554
BITAND 3, 1835, 1835
BITAND 4, 299, 299
BITAND 5, 555, 555
BITOR 1835, 299, 299
BITOR 299, 555, 555
BITAND 3, 1836, 1836
BITAND 4, 300, 300
BITAND 5, 556, 556
BITOR 1836, 300, 300
BITOR 300, 556, 556
BITAND 3, 1837, 1837
BITAND 4, 301, 301
BITAND 5, 557, 557
BITOR 1837, 301, 301
BITOR 301, 557, 557
BITAND 3, 1838, 1838
BITAND 4, 302, 302
BITAND 5, 558, 558
BITOR 1838, 302, 302
BITOR 302, 558, 558
BITAND 3, 1839, 1839
BITAND 4, 303, 303
BITAND 5, 559, 559
BITOR 1839, 303, 303
BITOR 303, 559, 559
#EXEBLOCK26:
//6058440
LD 6, 0, 6
LD 7, 0, 7
LD 8, 0, 8
LD 328, 0, 84
LD 329, 0, 85
LD 330, 0, 86
LD 331, 0, 87
LD 332, 0, 88
LD 333, 0, 89
LD 334, 0, 90
LD 335, 0, 91
LD 336, 0, 92
LD 337, 0, 93
LD 338, 0, 94
LD 339, 0, 95
LD 584, 0, 96
LD 585, 0, 97
LD 586, 0, 98
LD 587, 0, 99
LD 588, 0, 100
LD 589, 0, 101
LD 590, 0, 102
LD 591, 0, 103
LD 592, 0, 104
LD 593, 0, 105
LD 594, 0, 106
LD 595, 0, 107
LD 840, 0, 108
LD 841, 0, 109
LD 842, 0, 110
LD 843, 0, 111
LD 844, 0, 112
LD 845, 0, 113
LD 846, 0, 114
LD 847, 0, 115
LD 848, 0, 116
LD 849, 0, 117
LD 850, 0, 118
LD 851, 0, 119
BITAND 6, 328, 328
BITAND 7, 584, 584
BITAND 8, 840, 840
BITOR 328, 584, 584
BITOR 584, 840, 840
BITAND 6, 329, 329
BITAND 7, 585, 585
BITAND 8, 841, 841
BITOR 329, 585, 585
BITOR 585, 841, 841
BITAND 6, 330, 330
BITAND 7, 586, 586
BITAND 8, 842, 842
BITOR 330, 586, 586
BITOR 586, 842, 842
BITAND 6, 331, 331
BITAND 7, 587, 587
BITAND 8, 843, 843
BITOR 331, 587, 587
BITOR 587, 843, 843
BITAND 6, 332, 332
BITAND 7, 588, 588
BITAND 8, 844, 844
BITOR 332, 588, 588
BITOR 588, 844, 844
BITAND 6, 333, 333
BITAND 7, 589, 589
BITAND 8, 845, 845
BITOR 333, 589, 589
BITOR 589, 845, 845
BITAND 6, 334, 334
BITAND 7, 590, 590
BITAND 8, 846, 846
BITOR 334, 590, 590
BITOR 590, 846, 846
BITAND 6, 335, 335
BITAND 7, 591, 591
BITAND 8, 847, 847
BITOR 335, 591, 591
BITOR 591, 847, 847
BITAND 6, 336, 336
BITAND 7, 592, 592
BITAND 8, 848, 848
BITOR 336, 592, 592
BITOR 592, 848, 848
BITAND 6, 337, 337
BITAND 7, 593, 593
BITAND 8, 849, 849
BITOR 337, 593, 593
BITOR 593, 849, 849
BITAND 6, 338, 338
BITAND 7, 594, 594
BITAND 8, 850, 850
BITOR 338, 594, 594
BITOR 594, 850, 850
BITAND 6, 339, 339
BITAND 7, 595, 595
BITAND 8, 851, 851
BITOR 339, 595, 595
BITOR 595, 851, 851
#EXEBLOCK27:
//6291460
LD 9, 0, 9
LD 10, 0, 10
LD 11, 0, 11
LD 876, 0, 120
LD 877, 0, 121
LD 878, 0, 122
LD 879, 0, 123
LD 880, 0, 124
LD 881, 0, 125
LD 882, 0, 126
LD 883, 0, 127
LD 884, 0, 128
LD 885, 0, 129
LD 886, 0, 130
LD 887, 0, 131
LD 1132, 0, 132
LD 1133, 0, 133
LD 1134, 0, 134
LD 1135, 0, 135
LD 1136, 0, 136
LD 1137, 0, 137
LD 1138, 0, 138
LD 1139, 0, 139
LD 1140, 0, 140
LD 1141, 0, 141
LD 1142, 0, 142
LD 1143, 0, 143
LD 1388, 0, 144
LD 1389, 0, 145
LD 1390, 0, 146
LD 1391, 0, 147
LD 1392, 0, 148
LD 1393, 0, 149
LD 1394, 0, 150
LD 1395, 0, 151
LD 1396, 0, 152
LD 1397, 0, 153
LD 1398, 0, 154
LD 1399, 0, 155
BITAND 9, 876, 876
BITAND 10, 1132, 1132
BITAND 11, 1388, 1388
BITOR 876, 1132, 1132
BITOR 1132, 1388, 1388
BITAND 9, 877, 877
BITAND 10, 1133, 1133
BITAND 11, 1389, 1389
BITOR 877, 1133, 1133
BITOR 1133, 1389, 1389
BITAND 9, 878, 878
BITAND 10, 1134, 1134
BITAND 11, 1390, 1390
BITOR 878, 1134, 1134
BITOR 1134, 1390, 1390
BITAND 9, 879, 879
BITAND 10, 1135, 1135
BITAND 11, 1391, 1391
BITOR 879, 1135, 1135
BITOR 1135, 1391, 1391
BITAND 9, 880, 880
BITAND 10, 1136, 1136
BITAND 11, 1392, 1392
BITOR 880, 1136, 1136
BITOR 1136, 1392, 1392
BITAND 9, 881, 881
BITAND 10, 1137, 1137
BITAND 11, 1393, 1393
BITOR 881, 1137, 1137
BITOR 1137, 1393, 1393
BITAND 9, 882, 882
BITAND 10, 1138, 1138
BITAND 11, 1394, 1394
BITOR 882, 1138, 1138
BITOR 1138, 1394, 1394
BITAND 9, 883, 883
BITAND 10, 1139, 1139
BITAND 11, 1395, 1395
BITOR 883, 1139, 1139
BITOR 1139, 1395, 1395
BITAND 9, 884, 884
BITAND 10, 1140, 1140
BITAND 11, 1396, 1396
BITOR 884, 1140, 1140
BITOR 1140, 1396, 1396
BITAND 9, 885, 885
BITAND 10, 1141, 1141
BITAND 11, 1397, 1397
BITOR 885, 1141, 1141
BITOR 1141, 1397, 1397
BITAND 9, 886, 886
BITAND 10, 1142, 1142
BITAND 11, 1398, 1398
BITOR 886, 1142, 1142
BITOR 1142, 1398, 1398
BITAND 9, 887, 887
BITAND 10, 1143, 1143
BITAND 11, 1399, 1399
BITOR 887, 1143, 1143
BITOR 1143, 1399, 1399
BITOR 1388, 256, 1388
BITOR 1389, 257, 1389
BITOR 1390, 258, 1390
BITOR 1391, 259, 1391
BITOR 1392, 260, 1392
BITOR 1393, 261, 1393
BITOR 1394, 262, 1394
BITOR 1395, 263, 1395
BITOR 1396, 264, 1396
BITOR 1397, 265, 1397
BITOR 1398, 266, 1398
BITOR 1399, 267, 1399
BITOR 1388, 548, 1388
BITOR 1389, 549, 1389
BITOR 1390, 550, 1390
BITOR 1391, 551, 1391
BITOR 1392, 552, 1392
BITOR 1393, 553, 1393
BITOR 1394, 554, 1394
BITOR 1395, 555, 1395
BITOR 1396, 556, 1396
BITOR 1397, 557, 1397
BITOR 1398, 558, 1398
BITOR 1399, 559, 1399
BITOR 1388, 840, 1388
BITOR 1389, 841, 1389
BITOR 1390, 842, 1390
BITOR 1391, 843, 1391
BITOR 1392, 844, 1392
BITOR 1393, 845, 1393
BITOR 1394, 846, 1394
BITOR 1395, 847, 1395
BITOR 1396, 848, 1396
BITOR 1397, 849, 1397
BITOR 1398, 850, 1398
BITOR 1399, 851, 1399
COPY 1388, 147, 8
COPY 1389, 148, 8
COPY 1390, 149, 8
COPY 1391, 150, 8
COPY 1392, 151, 8
COPY 1393, 152, 8
COPY 1394, 153, 8
COPY 1395, 154, 8
COPY 1396, 155, 8
COPY 1397, 156, 8
COPY 1398, 157, 8
COPY 1399, 158, 8
#EXEBLOCK28:
//6524476
LD 0, 0, 0
LD 1, 0, 1
LD 2, 0, 2
LD 256, 0, 12
LD 257, 0, 13
LD 258, 0, 14
LD 259, 0, 15
LD 260, 0, 16
LD 261, 0, 17
LD 262, 0, 18
LD 263, 0, 19
LD 264, 0, 20
LD 265, 0, 21
LD 266, 0, 22
LD 267, 0, 23
LD 512, 0, 24
LD 513, 0, 25
LD 514, 0, 26
LD 515, 0, 27
LD 516, 0, 28
LD 517, 0, 29
LD 518, 0, 30
LD 519, 0, 31
LD 520, 0, 32
LD 521, 0, 33
LD 522, 0, 34
LD 523, 0, 35
LD 768, 0, 36
LD 769, 0, 37
LD 770, 0, 38
LD 771, 0, 39
LD 772, 0, 40
LD 773, 0, 41
LD 774, 0, 42
LD 775, 0, 43
LD 776, 0, 44
LD 777, 0, 45
LD 778, 0, 46
LD 779, 0, 47
BITAND 0, 256, 256
BITAND 1, 512, 512
BITAND 2, 768, 768
BITOR 256, 512, 512
BITOR 512, 768, 768
BITAND 0, 257, 257
BITAND 1, 513, 513
BITAND 2, 769, 769
BITOR 257, 513, 513
BITOR 513, 769, 769
BITAND 0, 258, 258
BITAND 1, 514, 514
BITAND 2, 770, 770
BITOR 258, 514, 514
BITOR 514, 770, 770
BITAND 0, 259, 259
BITAND 1, 515, 515
BITAND 2, 771, 771
BITOR 259, 515, 515
BITOR 515, 771, 771
BITAND 0, 260, 260
BITAND 1, 516, 516
BITAND 2, 772, 772
BITOR 260, 516, 516
BITOR 516, 772, 772
BITAND 0, 261, 261
BITAND 1, 517, 517
BITAND 2, 773, 773
BITOR 261, 517, 517
BITOR 517, 773, 773
BITAND 0, 262, 262
BITAND 1, 518, 518
BITAND 2, 774, 774
BITOR 262, 518, 518
BITOR 518, 774, 774
BITAND 0, 263, 263
BITAND 1, 519, 519
BITAND 2, 775, 775
BITOR 263, 519, 519
BITOR 519, 775, 775
BITAND 0, 264, 264
BITAND 1, 520, 520
BITAND 2, 776, 776
BITOR 264, 520, 520
BITOR 520, 776, 776
BITAND 0, 265, 265
BITAND 1, 521, 521
BITAND 2, 777, 777
BITOR 265, 521, 521
BITOR 521, 777, 777
BITAND 0, 266, 266
BITAND 1, 522, 522
BITAND 2, 778, 778
BITOR 266, 522, 522
BITOR 522, 778, 778
BITAND 0, 267, 267
BITAND 1, 523, 523
BITAND 2, 779, 779
BITOR 267, 523, 523
BITOR 523, 779, 779
#EXEBLOCK29:
//6757492
LD 3, 0, 3
LD 4, 0, 4
LD 5, 0, 5
LD 1828, 0, 48
LD 1829, 0, 49
LD 1830, 0, 50
LD 1831, 0, 51
LD 1832, 0, 52
LD 1833, 0, 53
LD 1834, 0, 54
LD 1835, 0, 55
LD 1836, 0, 56
LD 1837, 0, 57
LD 1838, 0, 58
LD 1839, 0, 59
LD 292, 0, 60
LD 293, 0, 61
LD 294, 0, 62
LD 295, 0, 63
LD 296, 0, 64
LD 297, 0, 65
LD 298, 0, 66
LD 299, 0, 67
LD 300, 0, 68
LD 301, 0, 69
LD 302, 0, 70
LD 303, 0, 71
LD 548, 0, 72
LD 549, 0, 73
LD 550, 0, 74
LD 551, 0, 75
LD 552, 0, 76
LD 553, 0, 77
LD 554, 0, 78
LD 555, 0, 79
LD 556, 0, 80
LD 557, 0, 81
LD 558, 0, 82
LD 559, 0, 83
BITAND 3, 1828, 1828
BITAND 4, 292, 292
BITAND 5, 548, 548
BITOR 1828, 292, 292
BITOR 292, 548, 548
BITAND 3, 1829, 1829
BITAND 4, 293, 293
BITAND 5, 549, 549
BITOR 1829, 293, 293
BITOR 293, 549, 549
BITAND 3, 1830, 1830
BITAND 4, 294, 294
BITAND 5, 550, 550
BITOR 1830, 294, 294
BITOR 294, 550, 550
BITAND 3, 1831, 1831
BITAND 4, 295, 295
BITAND 5, 551, 551
BITOR 1831, 295, 295
BITOR 295, 551, 551
BITAND 3, 1832, 1832
BITAND 4, 296, 296
BITAND 5, 552, 552
BITOR 1832, 296, 296
BITOR 296, 552, 552
BITAND 3, 1833, 1833
BITAND 4, 297, 297
BITAND 5, 553, 553
BITOR 1833, 297, 297
BITOR 297, 553, 553
BITAND 3, 1834, 1834
BITAND 4, 298, 298
BITAND 5, 554, 554
BITOR 1834, 298, 298
BITOR 298, 554, 554
BITAND 3, 1835, 1835
BITAND 4, 299, 299
BITAND 5, 555, 555
BITOR 1835, 299, 299
BITOR 299, 555, 555
BITAND 3, 1836, 1836
BITAND 4, 300, 300
BITAND 5, 556, 556
BITOR 1836, 300, 300
BITOR 300, 556, 556
BITAND 3, 1837, 1837
BITAND 4, 301, 301
BITAND 5, 557, 557
BITOR 1837, 301, 301
BITOR 301, 557, 557
BITAND 3, 1838, 1838
BITAND 4, 302, 302
BITAND 5, 558, 558
BITOR 1838, 302, 302
BITOR 302, 558, 558
BITAND 3, 1839, 1839
BITAND 4, 303, 303
BITAND 5, 559, 559
BITOR 1839, 303, 303
BITOR 303, 559, 559
#EXEBLOCK30:
//6990508
LD 6, 0, 6
LD 7, 0, 7
LD 8, 0, 8
LD 1352, 0, 84
LD 1353, 0, 85
LD 1354, 0, 86
LD 1355, 0, 87
LD 1356, 0, 88
LD 1357, 0, 89
LD 1358, 0, 90
LD 1359, 0, 91
LD 1360, 0, 92
LD 1361, 0, 93
LD 1362, 0, 94
LD 1363, 0, 95
LD 1608, 0, 96
LD 1609, 0, 97
LD 1610, 0, 98
LD 1611, 0, 99
LD 1612, 0, 100
LD 1613, 0, 101
LD 1614, 0, 102
LD 1615, 0, 103
LD 1616, 0, 104
LD 1617, 0, 105
LD 1618, 0, 106
LD 1619, 0, 107
LD 1864, 0, 108
LD 1865, 0, 109
LD 1866, 0, 110
LD 1867, 0, 111
LD 1868, 0, 112
LD 1869, 0, 113
LD 1870, 0, 114
LD 1871, 0, 115
LD 1872, 0, 116
LD 1873, 0, 117
LD 1874, 0, 118
LD 1875, 0, 119
BITAND 6, 1352, 1352
BITAND 7, 1608, 1608
BITAND 8, 1864, 1864
BITOR 1352, 1608, 1608
BITOR 1608, 1864, 1864
BITAND 6, 1353, 1353
BITAND 7, 1609, 1609
BITAND 8, 1865, 1865
BITOR 1353, 1609, 1609
BITOR 1609, 1865, 1865
BITAND 6, 1354, 1354
BITAND 7, 1610, 1610
BITAND 8, 1866, 1866
BITOR 1354, 1610, 1610
BITOR 1610, 1866, 1866
BITAND 6, 1355, 1355
BITAND 7, 1611, 1611
BITAND 8, 1867, 1867
BITOR 1355, 1611, 1611
BITOR 1611, 1867, 1867
BITAND 6, 1356, 1356
BITAND 7, 1612, 1612
BITAND 8, 1868, 1868
BITOR 1356, 1612, 1612
BITOR 1612, 1868, 1868
BITAND 6, 1357, 1357
BITAND 7, 1613, 1613
BITAND 8, 1869, 1869
BITOR 1357, 1613, 1613
BITOR 1613, 1869, 1869
BITAND 6, 1358, 1358
BITAND 7, 1614, 1614
BITAND 8, 1870, 1870
BITOR 1358, 1614, 1614
BITOR 1614, 1870, 1870
BITAND 6, 1359, 1359
BITAND 7, 1615, 1615
BITAND 8, 1871, 1871
BITOR 1359, 1615, 1615
BITOR 1615, 1871, 1871
BITAND 6, 1360, 1360
BITAND 7, 1616, 1616
BITAND 8, 1872, 1872
BITOR 1360, 1616, 1616
BITOR 1616, 1872, 1872
BITAND 6, 1361, 1361
BITAND 7, 1617, 1617
BITAND 8, 1873, 1873
BITOR 1361, 1617, 1617
BITOR 1617, 1873, 1873
BITAND 6, 1362, 1362
BITAND 7, 1618, 1618
BITAND 8, 1874, 1874
BITOR 1362, 1618, 1618
BITOR 1618, 1874, 1874
BITAND 6, 1363, 1363
BITAND 7, 1619, 1619
BITAND 8, 1875, 1875
BITOR 1363, 1619, 1619
BITOR 1619, 1875, 1875
#EXEBLOCK31:
//7223524
LD 9, 0, 9
LD 10, 0, 10
LD 11, 0, 11
LD 1132, 0, 120
LD 1133, 0, 121
LD 1134, 0, 122
LD 1135, 0, 123
LD 1136, 0, 124
LD 1137, 0, 125
LD 1138, 0, 126
LD 1139, 0, 127
LD 1140, 0, 128
LD 1141, 0, 129
LD 1142, 0, 130
LD 1143, 0, 131
LD 1388, 0, 132
LD 1389, 0, 133
LD 1390, 0, 134
LD 1391, 0, 135
LD 1392, 0, 136
LD 1393, 0, 137
LD 1394, 0, 138
LD 1395, 0, 139
LD 1396, 0, 140
LD 1397, 0, 141
LD 1398, 0, 142
LD 1399, 0, 143
LD 1644, 0, 144
LD 1645, 0, 145
LD 1646, 0, 146
LD 1647, 0, 147
LD 1648, 0, 148
LD 1649, 0, 149
LD 1650, 0, 150
LD 1651, 0, 151
LD 1652, 0, 152
LD 1653, 0, 153
LD 1654, 0, 154
LD 1655, 0, 155
BITAND 9, 1132, 1132
BITAND 10, 1388, 1388
BITAND 11, 1644, 1644
BITOR 1132, 1388, 1388
BITOR 1388, 1644, 1644
BITAND 9, 1133, 1133
BITAND 10, 1389, 1389
BITAND 11, 1645, 1645
BITOR 1133, 1389, 1389
BITOR 1389, 1645, 1645
BITAND 9, 1134, 1134
BITAND 10, 1390, 1390
BITAND 11, 1646, 1646
BITOR 1134, 1390, 1390
BITOR 1390, 1646, 1646
BITAND 9, 1135, 1135
BITAND 10, 1391, 1391
BITAND 11, 1647, 1647
BITOR 1135, 1391, 1391
BITOR 1391, 1647, 1647
BITAND 9, 1136, 1136
BITAND 10, 1392, 1392
BITAND 11, 1648, 1648
BITOR 1136, 1392, 1392
BITOR 1392, 1648, 1648
BITAND 9, 1137, 1137
BITAND 10, 1393, 1393
BITAND 11, 1649, 1649
BITOR 1137, 1393, 1393
BITOR 1393, 1649, 1649
BITAND 9, 1138, 1138
BITAND 10, 1394, 1394
BITAND 11, 1650, 1650
BITOR 1138, 1394, 1394
BITOR 1394, 1650, 1650
BITAND 9, 1139, 1139
BITAND 10, 1395, 1395
BITAND 11, 1651, 1651
BITOR 1139, 1395, 1395
BITOR 1395, 1651, 1651
BITAND 9, 1140, 1140
BITAND 10, 1396, 1396
BITAND 11, 1652, 1652
BITOR 1140, 1396, 1396
BITOR 1396, 1652, 1652
BITAND 9, 1141, 1141
BITAND 10, 1397, 1397
BITAND 11, 1653, 1653
BITOR 1141, 1397, 1397
BITOR 1397, 1653, 1653
BITAND 9, 1142, 1142
BITAND 10, 1398, 1398
BITAND 11, 1654, 1654
BITOR 1142, 1398, 1398
BITOR 1398, 1654, 1654
BITAND 9, 1143, 1143
BITAND 10, 1399, 1399
BITAND 11, 1655, 1655
BITOR 1143, 1399, 1399
BITOR 1399, 1655, 1655
BITOR 1644, 768, 1644
BITOR 1645, 769, 1645
BITOR 1646, 770, 1646
BITOR 1647, 771, 1647
BITOR 1648, 772, 1648
BITOR 1649, 773, 1649
BITOR 1650, 774, 1650
BITOR 1651, 775, 1651
BITOR 1652, 776, 1652
BITOR 1653, 777, 1653
BITOR 1654, 778, 1654
BITOR 1655, 779, 1655
BITOR 1644, 548, 1644
BITOR 1645, 549, 1645
BITOR 1646, 550, 1646
BITOR 1647, 551, 1647
BITOR 1648, 552, 1648
BITOR 1649, 553, 1649
BITOR 1650, 554, 1650
BITOR 1651, 555, 1651
BITOR 1652, 556, 1652
BITOR 1653, 557, 1653
BITOR 1654, 558, 1654
BITOR 1655, 559, 1655
BITOR 1644, 1864, 1644
BITOR 1645, 1865, 1645
BITOR 1646, 1866, 1646
BITOR 1647, 1867, 1647
BITOR 1648, 1868, 1648
BITOR 1649, 1869, 1649
BITOR 1650, 1870, 1650
BITOR 1651, 1871, 1651
BITOR 1652, 1872, 1652
BITOR 1653, 1873, 1653
BITOR 1654, 1874, 1654
BITOR 1655, 1875, 1655
COPY 1644, 159, 8
COPY 1645, 160, 8
COPY 1646, 161, 8
COPY 1647, 162, 8
COPY 1648, 163, 8
COPY 1649, 164, 8
COPY 1650, 165, 8
COPY 1651, 166, 8
COPY 1652, 167, 8
COPY 1653, 168, 8
COPY 1654, 169, 8
COPY 1655, 170, 8
#EXEBLOCK32:
//7456544
LD 0, 0, 0
LD 1, 0, 1
LD 2, 0, 2
LD 1024, 0, 12
LD 1025, 0, 13
LD 1026, 0, 14
LD 1027, 0, 15
LD 1028, 0, 16
LD 1029, 0, 17
LD 1030, 0, 18
LD 1031, 0, 19
LD 1032, 0, 20
LD 1033, 0, 21
LD 1034, 0, 22
LD 1035, 0, 23
LD 1280, 0, 24
LD 1281, 0, 25
LD 1282, 0, 26
LD 1283, 0, 27
LD 1284, 0, 28
LD 1285, 0, 29
LD 1286, 0, 30
LD 1287, 0, 31
LD 1288, 0, 32
LD 1289, 0, 33
LD 1290, 0, 34
LD 1291, 0, 35
LD 1536, 0, 36
LD 1537, 0, 37
LD 1538, 0, 38
LD 1539, 0, 39
LD 1540, 0, 40
LD 1541, 0, 41
LD 1542, 0, 42
LD 1543, 0, 43
LD 1544, 0, 44
LD 1545, 0, 45
LD 1546, 0, 46
LD 1547, 0, 47
BITAND 0, 1024, 1024
BITAND 1, 1280, 1280
BITAND 2, 1536, 1536
BITOR 1024, 1280, 1280
BITOR 1280, 1536, 1536
BITAND 0, 1025, 1025
BITAND 1, 1281, 1281
BITAND 2, 1537, 1537
BITOR 1025, 1281, 1281
BITOR 1281, 1537, 1537
BITAND 0, 1026, 1026
BITAND 1, 1282, 1282
BITAND 2, 1538, 1538
BITOR 1026, 1282, 1282
BITOR 1282, 1538, 1538
BITAND 0, 1027, 1027
BITAND 1, 1283, 1283
BITAND 2, 1539, 1539
BITOR 1027, 1283, 1283
BITOR 1283, 1539, 1539
BITAND 0, 1028, 1028
BITAND 1, 1284, 1284
BITAND 2, 1540, 1540
BITOR 1028, 1284, 1284
BITOR 1284, 1540, 1540
BITAND 0, 1029, 1029
BITAND 1, 1285, 1285
BITAND 2, 1541, 1541
BITOR 1029, 1285, 1285
BITOR 1285, 1541, 1541
BITAND 0, 1030, 1030
BITAND 1, 1286, 1286
BITAND 2, 1542, 1542
BITOR 1030, 1286, 1286
BITOR 1286, 1542, 1542
BITAND 0, 1031, 1031
BITAND 1, 1287, 1287
BITAND 2, 1543, 1543
BITOR 1031, 1287, 1287
BITOR 1287, 1543, 1543
BITAND 0, 1032, 1032
BITAND 1, 1288, 1288
BITAND 2, 1544, 1544
BITOR 1032, 1288, 1288
BITOR 1288, 1544, 1544
BITAND 0, 1033, 1033
BITAND 1, 1289, 1289
BITAND 2, 1545, 1545
BITOR 1033, 1289, 1289
BITOR 1289, 1545, 1545
BITAND 0, 1034, 1034
BITAND 1, 1290, 1290
BITAND 2, 1546, 1546
BITOR 1034, 1290, 1290
BITOR 1290, 1546, 1546
BITAND 0, 1035, 1035
BITAND 1, 1291, 1291
BITAND 2, 1547, 1547
BITOR 1035, 1291, 1291
BITOR 1291, 1547, 1547
#EXEBLOCK33:
//7689560
LD 3, 0, 3
LD 4, 0, 4
LD 5, 0, 5
LD 548, 0, 48
LD 549, 0, 49
LD 550, 0, 50
LD 551, 0, 51
LD 552, 0, 52
LD 553, 0, 53
LD 554, 0, 54
LD 555, 0, 55
LD 556, 0, 56
LD 557, 0, 57
LD 558, 0, 58
LD 559, 0, 59
LD 804, 0, 60
LD 805, 0, 61
LD 806, 0, 62
LD 807, 0, 63
LD 808, 0, 64
LD 809, 0, 65
LD 810, 0, 66
LD 811, 0, 67
LD 812, 0, 68
LD 813, 0, 69
LD 814, 0, 70
LD 815, 0, 71
LD 1060, 0, 72
LD 1061, 0, 73
LD 1062, 0, 74
LD 1063, 0, 75
LD 1064, 0, 76
LD 1065, 0, 77
LD 1066, 0, 78
LD 1067, 0, 79
LD 1068, 0, 80
LD 1069, 0, 81
LD 1070, 0, 82
LD 1071, 0, 83
BITAND 3, 548, 548
BITAND 4, 804, 804
BITAND 5, 1060, 1060
BITOR 548, 804, 804
BITOR 804, 1060, 1060
BITAND 3, 549, 549
BITAND 4, 805, 805
BITAND 5, 1061, 1061
BITOR 549, 805, 805
BITOR 805, 1061, 1061
BITAND 3, 550, 550
BITAND 4, 806, 806
BITAND 5, 1062, 1062
BITOR 550, 806, 806
BITOR 806, 1062, 1062
BITAND 3, 551, 551
BITAND 4, 807, 807
BITAND 5, 1063, 1063
BITOR 551, 807, 807
BITOR 807, 1063, 1063
BITAND 3, 552, 552
BITAND 4, 808, 808
BITAND 5, 1064, 1064
BITOR 552, 808, 808
BITOR 808, 1064, 1064
BITAND 3, 553, 553
BITAND 4, 809, 809
BITAND 5, 1065, 1065
BITOR 553, 809, 809
BITOR 809, 1065, 1065
BITAND 3, 554, 554
BITAND 4, 810, 810
BITAND 5, 1066, 1066
BITOR 554, 810, 810
BITOR 810, 1066, 1066
BITAND 3, 555, 555
BITAND 4, 811, 811
BITAND 5, 1067, 1067
BITOR 555, 811, 811
BITOR 811, 1067, 1067
BITAND 3, 556, 556
BITAND 4, 812, 812
BITAND 5, 1068, 1068
BITOR 556, 812, 812
BITOR 812, 1068, 1068
BITAND 3, 557, 557
BITAND 4, 813, 813
BITAND 5, 1069, 1069
BITOR 557, 813, 813
BITOR 813, 1069, 1069
BITAND 3, 558, 558
BITAND 4, 814, 814
BITAND 5, 1070, 1070
BITOR 558, 814, 814
BITOR 814, 1070, 1070
BITAND 3, 559, 559
BITAND 4, 815, 815
BITAND 5, 1071, 1071
BITOR 559, 815, 815
BITOR 815, 1071, 1071
#EXEBLOCK34:
//7922576
LD 6, 0, 6
LD 7, 0, 7
LD 8, 0, 8
LD 1096, 0, 84
LD 1097, 0, 85
LD 1098, 0, 86
LD 1099, 0, 87
LD 1100, 0, 88
LD 1101, 0, 89
LD 1102, 0, 90
LD 1103, 0, 91
LD 1104, 0, 92
LD 1105, 0, 93
LD 1106, 0, 94
LD 1107, 0, 95
LD 1352, 0, 96
LD 1353, 0, 97
LD 1354, 0, 98
LD 1355, 0, 99
LD 1356, 0, 100
LD 1357, 0, 101
LD 1358, 0, 102
LD 1359, 0, 103
LD 1360, 0, 104
LD 1361, 0, 105
LD 1362, 0, 106
LD 1363, 0, 107
LD 1608, 0, 108
LD 1609, 0, 109
LD 1610, 0, 110
LD 1611, 0, 111
LD 1612, 0, 112
LD 1613, 0, 113
LD 1614, 0, 114
LD 1615, 0, 115
LD 1616, 0, 116
LD 1617, 0, 117
LD 1618, 0, 118
LD 1619, 0, 119
BITAND 6, 1096, 1096
BITAND 7, 1352, 1352
BITAND 8, 1608, 1608
BITOR 1096, 1352, 1352
BITOR 1352, 1608, 1608
BITAND 6, 1097, 1097
BITAND 7, 1353, 1353
BITAND 8, 1609, 1609
BITOR 1097, 1353, 1353
BITOR 1353, 1609, 1609
BITAND 6, 1098, 1098
BITAND 7, 1354, 1354
BITAND 8, 1610, 1610
BITOR 1098, 1354, 1354
BITOR 1354, 1610, 1610
BITAND 6, 1099, 1099
BITAND 7, 1355, 1355
BITAND 8, 1611, 1611
BITOR 1099, 1355, 1355
BITOR 1355, 1611, 1611
BITAND 6, 1100, 1100
BITAND 7, 1356, 1356
BITAND 8, 1612, 1612
BITOR 1100, 1356, 1356
BITOR 1356, 1612, 1612
BITAND 6, 1101, 1101
BITAND 7, 1357, 1357
BITAND 8, 1613, 1613
BITOR 1101, 1357, 1357
BITOR 1357, 1613, 1613
BITAND 6, 1102, 1102
BITAND 7, 1358, 1358
BITAND 8, 1614, 1614
BITOR 1102, 1358, 1358
BITOR 1358, 1614, 1614
BITAND 6, 1103, 1103
BITAND 7, 1359, 1359
BITAND 8, 1615, 1615
BITOR 1103, 1359, 1359
BITOR 1359, 1615, 1615
BITAND 6, 1104, 1104
BITAND 7, 1360, 1360
BITAND 8, 1616, 1616
BITOR 1104, 1360, 1360
BITOR 1360, 1616, 1616
BITAND 6, 1105, 1105
BITAND 7, 1361, 1361
BITAND 8, 1617, 1617
BITOR 1105, 1361, 1361
BITOR 1361, 1617, 1617
BITAND 6, 1106, 1106
BITAND 7, 1362, 1362
BITAND 8, 1618, 1618
BITOR 1106, 1362, 1362
BITOR 1362, 1618, 1618
BITAND 6, 1107, 1107
BITAND 7, 1363, 1363
BITAND 8, 1619, 1619
BITOR 1107, 1363, 1363
BITOR 1363, 1619, 1619
#EXEBLOCK35:
//8155592
LD 9, 0, 9
LD 10, 0, 10
LD 11, 0, 11
LD 1900, 0, 120
LD 1901, 0, 121
LD 1902, 0, 122
LD 1903, 0, 123
LD 1904, 0, 124
LD 1905, 0, 125
LD 1906, 0, 126
LD 1907, 0, 127
LD 1908, 0, 128
LD 1909, 0, 129
LD 1910, 0, 130
LD 1911, 0, 131
LD 364, 0, 132
LD 365, 0, 133
LD 366, 0, 134
LD 367, 0, 135
LD 368, 0, 136
LD 369, 0, 137
LD 370, 0, 138
LD 371, 0, 139
LD 372, 0, 140
LD 373, 0, 141
LD 374, 0, 142
LD 375, 0, 143
LD 620, 0, 144
LD 621, 0, 145
LD 622, 0, 146
LD 623, 0, 147
LD 624, 0, 148
LD 625, 0, 149
LD 626, 0, 150
LD 627, 0, 151
LD 628, 0, 152
LD 629, 0, 153
LD 630, 0, 154
LD 631, 0, 155
BITAND 9, 1900, 1900
BITAND 10, 364, 364
BITAND 11, 620, 620
BITOR 1900, 364, 364
BITOR 364, 620, 620
BITAND 9, 1901, 1901
BITAND 10, 365, 365
BITAND 11, 621, 621
BITOR 1901, 365, 365
BITOR 365, 621, 621
BITAND 9, 1902, 1902
BITAND 10, 366, 366
BITAND 11, 622, 622
BITOR 1902, 366, 366
BITOR 366, 622, 622
BITAND 9, 1903, 1903
BITAND 10, 367, 367
BITAND 11, 623, 623
BITOR 1903, 367, 367
BITOR 367, 623, 623
BITAND 9, 1904, 1904
BITAND 10, 368, 368
BITAND 11, 624, 624
BITOR 1904, 368, 368
BITOR 368, 624, 624
BITAND 9, 1905, 1905
BITAND 10, 369, 369
BITAND 11, 625, 625
BITOR 1905, 369, 369
BITOR 369, 625, 625
BITAND 9, 1906, 1906
BITAND 10, 370, 370
BITAND 11, 626, 626
BITOR 1906, 370, 370
BITOR 370, 626, 626
BITAND 9, 1907, 1907
BITAND 10, 371, 371
BITAND 11, 627, 627
BITOR 1907, 371, 371
BITOR 371, 627, 627
BITAND 9, 1908, 1908
BITAND 10, 372, 372
BITAND 11, 628, 628
BITOR 1908, 372, 372
BITOR 372, 628, 628
BITAND 9, 1909, 1909
BITAND 10, 373, 373
BITAND 11, 629, 629
BITOR 1909, 373, 373
BITOR 373, 629, 629
BITAND 9, 1910, 1910
BITAND 10, 374, 374
BITAND 11, 630, 630
BITOR 1910, 374, 374
BITOR 374, 630, 630
BITAND 9, 1911, 1911
BITAND 10, 375, 375
BITAND 11, 631, 631
BITOR 1911, 375, 375
BITOR 375, 631, 631
BITOR 620, 147, 620
BITOR 621, 148, 621
BITOR 622, 149, 622
BITOR 623, 150, 623
BITOR 624, 151, 624
BITOR 625, 152, 625
BITOR 626, 153, 626
BITOR 627, 154, 627
BITOR 628, 155, 628
BITOR 629, 156, 629
BITOR 630, 157, 630
BITOR 631, 158, 631
BITOR 620, 159, 620
BITOR 621, 160, 621
BITOR 622, 161, 622
BITOR 623, 162, 623
BITOR 624, 163, 624
BITOR 625, 164, 625
BITOR 626, 165, 626
BITOR 627, 166, 627
BITOR 628, 167, 628
BITOR 629, 168, 629
BITOR 630, 169, 630
BITOR 631, 170, 631
BITOR 620, 1536, 620
BITOR 621, 1537, 621
BITOR 622, 1538, 622
BITOR 623, 1539, 623
BITOR 624, 1540, 624
BITOR 625, 1541, 625
BITOR 626, 1542, 626
BITOR 627, 1543, 627
BITOR 628, 1544, 628
BITOR 629, 1545, 629
BITOR 630, 1546, 630
BITOR 631, 1547, 631
BITOR 620, 1060, 620
BITOR 621, 1061, 621
BITOR 622, 1062, 622
BITOR 623, 1063, 623
BITOR 624, 1064, 624
BITOR 625, 1065, 625
BITOR 626, 1066, 626
BITOR 627, 1067, 627
BITOR 628, 1068, 628
BITOR 629, 1069, 629
BITOR 630, 1070, 630
BITOR 631, 1071, 631
BITOR 620, 1608, 620
BITOR 621, 1609, 621
BITOR 622, 1610, 622
BITOR 623, 1611, 623
BITOR 624, 1612, 624
BITOR 625, 1613, 625
BITOR 626, 1614, 626
BITOR 627, 1615, 627
BITOR 628, 1616, 628
BITOR 629, 1617, 629
BITOR 630, 1618, 630
BITOR 631, 1619, 631
ST 620, 0, 0
ST 621, 0, 1
ST 622, 0, 2
ST 623, 0, 3
ST 624, 0, 4
ST 625, 0, 5
ST 626, 0, 6
ST 627, 0, 7
ST 628, 0, 8
ST 629, 0, 9
ST 630, 0, 10
ST 631, 0, 11
