#EXEBLOCK0:
//4
LD 0, 0, 0
LD 1, 0, 1
LD 2, 0, 2
LD 3, 0, 3
LD 1280, 0, 8
LD 1281, 0, 9
LD 1282, 0, 10
LD 1283, 0, 11
LD 1536, 0, 12
LD 1537, 0, 13
LD 1538, 0, 14
LD 1539, 0, 15
LD 1792, 0, 16
LD 1793, 0, 17
LD 1794, 0, 18
LD 1795, 0, 19
LD 256, 0, 20
LD 257, 0, 21
LD 258, 0, 22
LD 259, 0, 23
BITAND 0, 1280, 1280
BITAND 1, 1536, 1536
BITAND 2, 1792, 1792
BITAND 3, 256, 256
BITOR 1280, 1536, 1536
BITOR 1536, 1792, 1792
BITOR 1792, 256, 256
BITAND 0, 1281, 1281
BITAND 1, 1537, 1537
BITAND 2, 1793, 1793
BITAND 3, 257, 257
BITOR 1281, 1537, 1537
BITOR 1537, 1793, 1793
BITOR 1793, 257, 257
BITAND 0, 1282, 1282
BITAND 1, 1538, 1538
BITAND 2, 1794, 1794
BITAND 3, 258, 258
BITOR 1282, 1538, 1538
BITOR 1538, 1794, 1794
BITOR 1794, 258, 258
BITAND 0, 1283, 1283
BITAND 1, 1539, 1539
BITAND 2, 1795, 1795
BITAND 3, 259, 259
BITOR 1283, 1539, 1539
BITOR 1539, 1795, 1795
BITOR 1795, 259, 259
#EXEBLOCK1:
//65540
LD 4, 0, 4
LD 5, 0, 5
LD 6, 0, 6
LD 7, 0, 7
LD 1040, 0, 24
LD 1041, 0, 25
LD 1042, 0, 26
LD 1043, 0, 27
LD 1296, 0, 28
LD 1297, 0, 29
LD 1298, 0, 30
LD 1299, 0, 31
LD 1552, 0, 32
LD 1553, 0, 33
LD 1554, 0, 34
LD 1555, 0, 35
LD 1808, 0, 36
LD 1809, 0, 37
LD 1810, 0, 38
LD 1811, 0, 39
BITAND 4, 1040, 1040
BITAND 5, 1296, 1296
BITAND 6, 1552, 1552
BITAND 7, 1808, 1808
BITOR 1040, 1296, 1296
BITOR 1296, 1552, 1552
BITOR 1552, 1808, 1808
BITAND 4, 1041, 1041
BITAND 5, 1297, 1297
BITAND 6, 1553, 1553
BITAND 7, 1809, 1809
BITOR 1041, 1297, 1297
BITOR 1297, 1553, 1553
BITOR 1553, 1809, 1809
BITAND 4, 1042, 1042
BITAND 5, 1298, 1298
BITAND 6, 1554, 1554
BITAND 7, 1810, 1810
BITOR 1042, 1298, 1298
BITOR 1298, 1554, 1554
BITOR 1554, 1810, 1810
BITAND 4, 1043, 1043
BITAND 5, 1299, 1299
BITAND 6, 1555, 1555
BITAND 7, 1811, 1811
BITOR 1043, 1299, 1299
BITOR 1299, 1555, 1555
BITOR 1555, 1811, 1811
BITOR 1808, 256, 1808
BITOR 1809, 257, 1809
BITOR 1810, 258, 1810
BITOR 1811, 259, 1811
COPY 1808, 260, 1
COPY 1809, 261, 1
COPY 1810, 262, 1
COPY 1811, 263, 1
#EXEBLOCK2:
//131076
LD 0, 0, 0
LD 1, 0, 1
LD 2, 0, 2
LD 3, 0, 3
LD 256, 0, 8
LD 257, 0, 9
LD 258, 0, 10
LD 259, 0, 11
LD 512, 0, 12
LD 513, 0, 13
LD 514, 0, 14
LD 515, 0, 15
LD 768, 0, 16
LD 769, 0, 17
LD 770, 0, 18
LD 771, 0, 19
LD 1024, 0, 20
LD 1025, 0, 21
LD 1026, 0, 22
LD 1027, 0, 23
BITAND 0, 256, 256
BITAND 1, 512, 512
BITAND 2, 768, 768
BITAND 3, 1024, 1024
BITOR 256, 512, 512
BITOR 512, 768, 768
BITOR 768, 1024, 1024
BITAND 0, 257, 257
BITAND 1, 513, 513
BITAND 2, 769, 769
BITAND 3, 1025, 1025
BITOR 257, 513, 513
BITOR 513, 769, 769
BITOR 769, 1025, 1025
BITAND 0, 258, 258
BITAND 1, 514, 514
BITAND 2, 770, 770
BITAND 3, 1026, 1026
BITOR 258, 514, 514
BITOR 514, 770, 770
BITOR 770, 1026, 1026
BITAND 0, 259, 259
BITAND 1, 515, 515
BITAND 2, 771, 771
BITAND 3, 1027, 1027
BITOR 259, 515, 515
BITOR 515, 771, 771
BITOR 771, 1027, 1027
#EXEBLOCK3:
//196612
LD 4, 0, 4
LD 5, 0, 5
LD 6, 0, 6
LD 7, 0, 7
LD 1040, 0, 24
LD 1041, 0, 25
LD 1042, 0, 26
LD 1043, 0, 27
LD 1296, 0, 28
LD 1297, 0, 29
LD 1298, 0, 30
LD 1299, 0, 31
LD 1552, 0, 32
LD 1553, 0, 33
LD 1554, 0, 34
LD 1555, 0, 35
LD 1808, 0, 36
LD 1809, 0, 37
LD 1810, 0, 38
LD 1811, 0, 39
BITAND 4, 1040, 1040
BITAND 5, 1296, 1296
BITAND 6, 1552, 1552
BITAND 7, 1808, 1808
BITOR 1040, 1296, 1296
BITOR 1296, 1552, 1552
BITOR 1552, 1808, 1808
BITAND 4, 1041, 1041
BITAND 5, 1297, 1297
BITAND 6, 1553, 1553
BITAND 7, 1809, 1809
BITOR 1041, 1297, 1297
BITOR 1297, 1553, 1553
BITOR 1553, 1809, 1809
BITAND 4, 1042, 1042
BITAND 5, 1298, 1298
BITAND 6, 1554, 1554
BITAND 7, 1810, 1810
BITOR 1042, 1298, 1298
BITOR 1298, 1554, 1554
BITOR 1554, 1810, 1810
BITAND 4, 1043, 1043
BITAND 5, 1299, 1299
BITAND 6, 1555, 1555
BITAND 7, 1811, 1811
BITOR 1043, 1299, 1299
BITOR 1299, 1555, 1555
BITOR 1555, 1811, 1811
BITOR 1808, 260, 1808
BITOR 1809, 261, 1809
BITOR 1810, 262, 1810
BITOR 1811, 263, 1811
BITOR 1808, 1024, 1808
BITOR 1809, 1025, 1809
BITOR 1810, 1026, 1810
BITOR 1811, 1027, 1811
ST 1808, 0, 0
ST 1809, 0, 1
ST 1810, 0, 2
ST 1811, 0, 3
#EXEBLOCK4:
//262148
LD 0, 0, 0
LD 1, 0, 1
LD 2, 0, 2
LD 3, 0, 3
LD 1280, 0, 8
LD 1281, 0, 9
LD 1282, 0, 10
LD 1283, 0, 11
LD 1536, 0, 12
LD 1537, 0, 13
LD 1538, 0, 14
LD 1539, 0, 15
LD 1792, 0, 16
LD 1793, 0, 17
LD 1794, 0, 18
LD 1795, 0, 19
LD 256, 0, 20
LD 257, 0, 21
LD 258, 0, 22
LD 259, 0, 23
BITAND 0, 1280, 1280
BITAND 1, 1536, 1536
BITAND 2, 1792, 1792
BITAND 3, 256, 256
BITOR 1280, 1536, 1536
BITOR 1536, 1792, 1792
BITOR 1792, 256, 256
BITAND 0, 1281, 1281
BITAND 1, 1537, 1537
BITAND 2, 1793, 1793
BITAND 3, 257, 257
BITOR 1281, 1537, 1537
BITOR 1537, 1793, 1793
BITOR 1793, 257, 257
BITAND 0, 1282, 1282
BITAND 1, 1538, 1538
BITAND 2, 1794, 1794
BITAND 3, 258, 258
BITOR 1282, 1538, 1538
BITOR 1538, 1794, 1794
BITOR 1794, 258, 258
BITAND 0, 1283, 1283
BITAND 1, 1539, 1539
BITAND 2, 1795, 1795
BITAND 3, 259, 259
BITOR 1283, 1539, 1539
BITOR 1539, 1795, 1795
BITOR 1795, 259, 259
#EXEBLOCK5:
//327684
LD 4, 0, 4
LD 5, 0, 5
LD 6, 0, 6
LD 7, 0, 7
LD 1552, 0, 24
LD 1553, 0, 25
LD 1554, 0, 26
LD 1555, 0, 27
LD 1808, 0, 28
LD 1809, 0, 29
LD 1810, 0, 30
LD 1811, 0, 31
LD 272, 0, 32
LD 273, 0, 33
LD 274, 0, 34
LD 275, 0, 35
LD 528, 0, 36
LD 529, 0, 37
LD 530, 0, 38
LD 531, 0, 39
BITAND 4, 1552, 1552
BITAND 5, 1808, 1808
BITAND 6, 272, 272
BITAND 7, 528, 528
BITOR 1552, 1808, 1808
BITOR 1808, 272, 272
BITOR 272, 528, 528
BITAND 4, 1553, 1553
BITAND 5, 1809, 1809
BITAND 6, 273, 273
BITAND 7, 529, 529
BITOR 1553, 1809, 1809
BITOR 1809, 273, 273
BITOR 273, 529, 529
BITAND 4, 1554, 1554
BITAND 5, 1810, 1810
BITAND 6, 274, 274
BITAND 7, 530, 530
BITOR 1554, 1810, 1810
BITOR 1810, 274, 274
BITOR 274, 530, 530
BITAND 4, 1555, 1555
BITAND 5, 1811, 1811
BITAND 6, 275, 275
BITAND 7, 531, 531
BITOR 1555, 1811, 1811
BITOR 1811, 275, 275
BITOR 275, 531, 531
BITOR 528, 256, 528
BITOR 529, 257, 529
BITOR 530, 258, 530
BITOR 531, 259, 531
COPY 528, 264, 3
COPY 529, 265, 3
COPY 530, 266, 3
COPY 531, 267, 3
#EXEBLOCK6:
//393220
LD 0, 0, 0
LD 1, 0, 1
LD 2, 0, 2
LD 3, 0, 3
LD 768, 0, 8
LD 769, 0, 9
LD 770, 0, 10
LD 771, 0, 11
LD 1024, 0, 12
LD 1025, 0, 13
LD 1026, 0, 14
LD 1027, 0, 15
LD 1280, 0, 16
LD 1281, 0, 17
LD 1282, 0, 18
LD 1283, 0, 19
LD 1536, 0, 20
LD 1537, 0, 21
LD 1538, 0, 22
LD 1539, 0, 23
BITAND 0, 768, 768
BITAND 1, 1024, 1024
BITAND 2, 1280, 1280
BITAND 3, 1536, 1536
BITOR 768, 1024, 1024
BITOR 1024, 1280, 1280
BITOR 1280, 1536, 1536
BITAND 0, 769, 769
BITAND 1, 1025, 1025
BITAND 2, 1281, 1281
BITAND 3, 1537, 1537
BITOR 769, 1025, 1025
BITOR 1025, 1281, 1281
BITOR 1281, 1537, 1537
BITAND 0, 770, 770
BITAND 1, 1026, 1026
BITAND 2, 1282, 1282
BITAND 3, 1538, 1538
BITOR 770, 1026, 1026
BITOR 1026, 1282, 1282
BITOR 1282, 1538, 1538
BITAND 0, 771, 771
BITAND 1, 1027, 1027
BITAND 2, 1283, 1283
BITAND 3, 1539, 1539
BITOR 771, 1027, 1027
BITOR 1027, 1283, 1283
BITOR 1283, 1539, 1539
#EXEBLOCK7:
//458756
LD 4, 0, 4
LD 5, 0, 5
LD 6, 0, 6
LD 7, 0, 7
LD 528, 0, 24
LD 529, 0, 25
LD 530, 0, 26
LD 531, 0, 27
LD 784, 0, 28
LD 785, 0, 29
LD 786, 0, 30
LD 787, 0, 31
LD 1040, 0, 32
LD 1041, 0, 33
LD 1042, 0, 34
LD 1043, 0, 35
LD 1296, 0, 36
LD 1297, 0, 37
LD 1298, 0, 38
LD 1299, 0, 39
BITAND 4, 528, 528
BITAND 5, 784, 784
BITAND 6, 1040, 1040
BITAND 7, 1296, 1296
BITOR 528, 784, 784
BITOR 784, 1040, 1040
BITOR 1040, 1296, 1296
BITAND 4, 529, 529
BITAND 5, 785, 785
BITAND 6, 1041, 1041
BITAND 7, 1297, 1297
BITOR 529, 785, 785
BITOR 785, 1041, 1041
BITOR 1041, 1297, 1297
BITAND 4, 530, 530
BITAND 5, 786, 786
BITAND 6, 1042, 1042
BITAND 7, 1298, 1298
BITOR 530, 786, 786
BITOR 786, 1042, 1042
BITOR 1042, 1298, 1298
BITAND 4, 531, 531
BITAND 5, 787, 787
BITAND 6, 1043, 1043
BITAND 7, 1299, 1299
BITOR 531, 787, 787
BITOR 787, 1043, 1043
BITOR 1043, 1299, 1299
BITOR 1296, 264, 1296
BITOR 1297, 265, 1297
BITOR 1298, 266, 1298
BITOR 1299, 267, 1299
BITOR 1296, 1536, 1296
BITOR 1297, 1537, 1297
BITOR 1298, 1538, 1298
BITOR 1299, 1539, 1299
ST 1296, 0, 0
ST 1297, 0, 1
ST 1298, 0, 2
ST 1299, 0, 3
#EXEBLOCK8:
//524292
LD 0, 0, 0
LD 1, 0, 1
LD 2, 0, 2
LD 3, 0, 3
LD 512, 0, 8
LD 513, 0, 9
LD 514, 0, 10
LD 515, 0, 11
LD 768, 0, 12
LD 769, 0, 13
LD 770, 0, 14
LD 771, 0, 15
LD 1024, 0, 16
LD 1025, 0, 17
LD 1026, 0, 18
LD 1027, 0, 19
LD 1280, 0, 20
LD 1281, 0, 21
LD 1282, 0, 22
LD 1283, 0, 23
BITAND 0, 512, 512
BITAND 1, 768, 768
BITAND 2, 1024, 1024
BITAND 3, 1280, 1280
BITOR 512, 768, 768
BITOR 768, 1024, 1024
BITOR 1024, 1280, 1280
BITAND 0, 513, 513
BITAND 1, 769, 769
BITAND 2, 1025, 1025
BITAND 3, 1281, 1281
BITOR 513, 769, 769
BITOR 769, 1025, 1025
BITOR 1025, 1281, 1281
BITAND 0, 514, 514
BITAND 1, 770, 770
BITAND 2, 1026, 1026
BITAND 3, 1282, 1282
BITOR 514, 770, 770
BITOR 770, 1026, 1026
BITOR 1026, 1282, 1282
BITAND 0, 515, 515
BITAND 1, 771, 771
BITAND 2, 1027, 1027
BITAND 3, 1283, 1283
BITOR 515, 771, 771
BITOR 771, 1027, 1027
BITOR 1027, 1283, 1283
#EXEBLOCK9:
//589828
LD 4, 0, 4
LD 5, 0, 5
LD 6, 0, 6
LD 7, 0, 7
LD 528, 0, 24
LD 529, 0, 25
LD 530, 0, 26
LD 531, 0, 27
LD 784, 0, 28
LD 785, 0, 29
LD 786, 0, 30
LD 787, 0, 31
LD 1040, 0, 32
LD 1041, 0, 33
LD 1042, 0, 34
LD 1043, 0, 35
LD 1296, 0, 36
LD 1297, 0, 37
LD 1298, 0, 38
LD 1299, 0, 39
BITAND 4, 528, 528
BITAND 5, 784, 784
BITAND 6, 1040, 1040
BITAND 7, 1296, 1296
BITOR 528, 784, 784
BITOR 784, 1040, 1040
BITOR 1040, 1296, 1296
BITAND 4, 529, 529
BITAND 5, 785, 785
BITAND 6, 1041, 1041
BITAND 7, 1297, 1297
BITOR 529, 785, 785
BITOR 785, 1041, 1041
BITOR 1041, 1297, 1297
BITAND 4, 530, 530
BITAND 5, 786, 786
BITAND 6, 1042, 1042
BITAND 7, 1298, 1298
BITOR 530, 786, 786
BITOR 786, 1042, 1042
BITOR 1042, 1298, 1298
BITAND 4, 531, 531
BITAND 5, 787, 787
BITAND 6, 1043, 1043
BITAND 7, 1299, 1299
BITOR 531, 787, 787
BITOR 787, 1043, 1043
BITOR 1043, 1299, 1299
PREREAD0 1296, 0, 0
BITOR 1296, 1280, 1296
PREREAD0 1297, 0, 0
BITOR 1297, 1281, 1297
PREREAD0 1298, 0, 0
BITOR 1298, 1282, 1298
PREREAD0 1299, 0, 0
BITOR 1299, 1283, 1299
COPY 1296, 272, 5
COPY 1297, 273, 5
COPY 1298, 274, 5
COPY 1299, 275, 5
#EXEBLOCK10:
//655364
LD 0, 0, 0
LD 1, 0, 1
LD 2, 0, 2
LD 3, 0, 3
LD 512, 0, 8
LD 513, 0, 9
LD 514, 0, 10
LD 515, 0, 11
LD 768, 0, 12
LD 769, 0, 13
LD 770, 0, 14
LD 771, 0, 15
LD 1024, 0, 16
LD 1025, 0, 17
LD 1026, 0, 18
LD 1027, 0, 19
LD 1280, 0, 20
LD 1281, 0, 21
LD 1282, 0, 22
LD 1283, 0, 23
BITAND 0, 512, 512
BITAND 1, 768, 768
BITAND 2, 1024, 1024
BITAND 3, 1280, 1280
BITOR 512, 768, 768
BITOR 768, 1024, 1024
BITOR 1024, 1280, 1280
BITAND 0, 513, 513
BITAND 1, 769, 769
BITAND 2, 1025, 1025
BITAND 3, 1281, 1281
BITOR 513, 769, 769
BITOR 769, 1025, 1025
BITOR 1025, 1281, 1281
BITAND 0, 514, 514
BITAND 1, 770, 770
BITAND 2, 1026, 1026
BITAND 3, 1282, 1282
BITOR 514, 770, 770
BITOR 770, 1026, 1026
BITOR 1026, 1282, 1282
BITAND 0, 515, 515
BITAND 1, 771, 771
BITAND 2, 1027, 1027
BITAND 3, 1283, 1283
BITOR 515, 771, 771
BITOR 771, 1027, 1027
BITOR 1027, 1283, 1283
#EXEBLOCK11:
//720900
LD 4, 0, 4
LD 5, 0, 5
LD 6, 0, 6
LD 7, 0, 7
LD 528, 0, 24
LD 529, 0, 25
LD 530, 0, 26
LD 531, 0, 27
LD 784, 0, 28
LD 785, 0, 29
LD 786, 0, 30
LD 787, 0, 31
LD 1040, 0, 32
LD 1041, 0, 33
LD 1042, 0, 34
LD 1043, 0, 35
LD 1296, 0, 36
LD 1297, 0, 37
LD 1298, 0, 38
LD 1299, 0, 39
BITAND 4, 528, 528
BITAND 5, 784, 784
BITAND 6, 1040, 1040
BITAND 7, 1296, 1296
BITOR 528, 784, 784
BITOR 784, 1040, 1040
BITOR 1040, 1296, 1296
BITAND 4, 529, 529
BITAND 5, 785, 785
BITAND 6, 1041, 1041
BITAND 7, 1297, 1297
BITOR 529, 785, 785
BITOR 785, 1041, 1041
BITOR 1041, 1297, 1297
BITAND 4, 530, 530
BITAND 5, 786, 786
BITAND 6, 1042, 1042
BITAND 7, 1298, 1298
BITOR 530, 786, 786
BITOR 786, 1042, 1042
BITOR 1042, 1298, 1298
BITAND 4, 531, 531
BITAND 5, 787, 787
BITAND 6, 1043, 1043
BITAND 7, 1299, 1299
BITOR 531, 787, 787
BITOR 787, 1043, 1043
BITOR 1043, 1299, 1299
BITOR 1296, 272, 1296
BITOR 1297, 273, 1297
BITOR 1298, 274, 1298
BITOR 1299, 275, 1299
PREREAD0 1296, 0, 0
BITOR 1296, 1280, 1296
PREREAD0 1297, 0, 0
BITOR 1297, 1281, 1297
PREREAD0 1298, 0, 0
BITOR 1298, 1282, 1298
PREREAD0 1299, 0, 0
BITOR 1299, 1283, 1299
ST 1296, 0, 0
ST 1297, 0, 1
ST 1298, 0, 2
ST 1299, 0, 3
#EXEBLOCK12:
//786436
LD 0, 0, 0
LD 1, 0, 1
LD 2, 0, 2
LD 3, 0, 3
LD 768, 0, 8
LD 769, 0, 9
LD 770, 0, 10
LD 771, 0, 11
LD 1024, 0, 12
LD 1025, 0, 13
LD 1026, 0, 14
LD 1027, 0, 15
LD 1280, 0, 16
LD 1281, 0, 17
LD 1282, 0, 18
LD 1283, 0, 19
LD 1536, 0, 20
LD 1537, 0, 21
LD 1538, 0, 22
LD 1539, 0, 23
BITAND 0, 768, 768
BITAND 1, 1024, 1024
BITAND 2, 1280, 1280
BITAND 3, 1536, 1536
BITOR 768, 1024, 1024
BITOR 1024, 1280, 1280
BITOR 1280, 1536, 1536
BITAND 0, 769, 769
BITAND 1, 1025, 1025
BITAND 2, 1281, 1281
BITAND 3, 1537, 1537
BITOR 769, 1025, 1025
BITOR 1025, 1281, 1281
BITOR 1281, 1537, 1537
BITAND 0, 770, 770
BITAND 1, 1026, 1026
BITAND 2, 1282, 1282
BITAND 3, 1538, 1538
BITOR 770, 1026, 1026
BITOR 1026, 1282, 1282
BITOR 1282, 1538, 1538
BITAND 0, 771, 771
BITAND 1, 1027, 1027
BITAND 2, 1283, 1283
BITAND 3, 1539, 1539
BITOR 771, 1027, 1027
BITOR 1027, 1283, 1283
BITOR 1283, 1539, 1539
#EXEBLOCK13:
//851972
LD 4, 0, 4
LD 5, 0, 5
LD 6, 0, 6
LD 7, 0, 7
LD 1296, 0, 24
LD 1297, 0, 25
LD 1298, 0, 26
LD 1299, 0, 27
LD 1552, 0, 28
LD 1553, 0, 29
LD 1554, 0, 30
LD 1555, 0, 31
LD 1808, 0, 32
LD 1809, 0, 33
LD 1810, 0, 34
LD 1811, 0, 35
LD 272, 0, 36
LD 273, 0, 37
LD 274, 0, 38
LD 275, 0, 39
BITAND 4, 1296, 1296
BITAND 5, 1552, 1552
BITAND 6, 1808, 1808
BITAND 7, 272, 272
BITOR 1296, 1552, 1552
BITOR 1552, 1808, 1808
BITOR 1808, 272, 272
BITAND 4, 1297, 1297
BITAND 5, 1553, 1553
BITAND 6, 1809, 1809
BITAND 7, 273, 273
BITOR 1297, 1553, 1553
BITOR 1553, 1809, 1809
BITOR 1809, 273, 273
BITAND 4, 1298, 1298
BITAND 5, 1554, 1554
BITAND 6, 1810, 1810
BITAND 7, 274, 274
BITOR 1298, 1554, 1554
BITOR 1554, 1810, 1810
BITOR 1810, 274, 274
BITAND 4, 1299, 1299
BITAND 5, 1555, 1555
BITAND 6, 1811, 1811
BITAND 7, 275, 275
BITOR 1299, 1555, 1555
BITOR 1555, 1811, 1811
BITOR 1811, 275, 275
BITOR 272, 1536, 272
BITOR 273, 1537, 273
BITOR 274, 1538, 274
BITOR 275, 1539, 275
COPY 272, 280, 7
COPY 273, 281, 7
COPY 274, 282, 7
COPY 275, 283, 7
#EXEBLOCK14:
//917508
LD 0, 0, 0
LD 1, 0, 1
LD 2, 0, 2
LD 3, 0, 3
LD 512, 0, 8
LD 513, 0, 9
LD 514, 0, 10
LD 515, 0, 11
LD 768, 0, 12
LD 769, 0, 13
LD 770, 0, 14
LD 771, 0, 15
LD 1024, 0, 16
LD 1025, 0, 17
LD 1026, 0, 18
LD 1027, 0, 19
LD 1280, 0, 20
LD 1281, 0, 21
LD 1282, 0, 22
LD 1283, 0, 23
BITAND 0, 512, 512
BITAND 1, 768, 768
BITAND 2, 1024, 1024
BITAND 3, 1280, 1280
BITOR 512, 768, 768
BITOR 768, 1024, 1024
BITOR 1024, 1280, 1280
BITAND 0, 513, 513
BITAND 1, 769, 769
BITAND 2, 1025, 1025
BITAND 3, 1281, 1281
BITOR 513, 769, 769
BITOR 769, 1025, 1025
BITOR 1025, 1281, 1281
BITAND 0, 514, 514
BITAND 1, 770, 770
BITAND 2, 1026, 1026
BITAND 3, 1282, 1282
BITOR 514, 770, 770
BITOR 770, 1026, 1026
BITOR 1026, 1282, 1282
BITAND 0, 515, 515
BITAND 1, 771, 771
BITAND 2, 1027, 1027
BITAND 3, 1283, 1283
BITOR 515, 771, 771
BITOR 771, 1027, 1027
BITOR 1027, 1283, 1283
#EXEBLOCK15:
//983044
LD 4, 0, 4
LD 5, 0, 5
LD 6, 0, 6
LD 7, 0, 7
LD 1296, 0, 24
LD 1297, 0, 25
LD 1298, 0, 26
LD 1299, 0, 27
LD 1552, 0, 28
LD 1553, 0, 29
LD 1554, 0, 30
LD 1555, 0, 31
LD 1808, 0, 32
LD 1809, 0, 33
LD 1810, 0, 34
LD 1811, 0, 35
LD 272, 0, 36
LD 273, 0, 37
LD 274, 0, 38
LD 275, 0, 39
BITAND 4, 1296, 1296
BITAND 5, 1552, 1552
BITAND 6, 1808, 1808
BITAND 7, 272, 272
BITOR 1296, 1552, 1552
BITOR 1552, 1808, 1808
BITOR 1808, 272, 272
BITAND 4, 1297, 1297
BITAND 5, 1553, 1553
BITAND 6, 1809, 1809
BITAND 7, 273, 273
BITOR 1297, 1553, 1553
BITOR 1553, 1809, 1809
BITOR 1809, 273, 273
BITAND 4, 1298, 1298
BITAND 5, 1554, 1554
BITAND 6, 1810, 1810
BITAND 7, 274, 274
BITOR 1298, 1554, 1554
BITOR 1554, 1810, 1810
BITOR 1810, 274, 274
BITAND 4, 1299, 1299
BITAND 5, 1555, 1555
BITAND 6, 1811, 1811
BITAND 7, 275, 275
BITOR 1299, 1555, 1555
BITOR 1555, 1811, 1811
BITOR 1811, 275, 275
PREREAD0 272, 0, 0
BITOR 272, 280, 272
PREREAD0 273, 0, 0
BITOR 273, 281, 273
PREREAD0 274, 0, 0
BITOR 274, 282, 274
PREREAD0 275, 0, 0
BITOR 275, 283, 275
BITOR 272, 1280, 272
BITOR 273, 1281, 273
BITOR 274, 1282, 274
BITOR 275, 1283, 275
ST 272, 0, 0
ST 273, 0, 1
ST 274, 0, 2
ST 275, 0, 3
