13 15 0.171846
12 8 0.274877
2 13 0.682389
13 9 0.518940
13 15 0.676396
15 9 0.213500
9 13 0.675522
8 14 0.549923
3 13 0.047846
3 15 0.034557
5 13 0.448152
3 13 0.881046
1 13 0.174492
9 4 0.347182
13 12 0.259637
13 3 0.130009
3 13 0.250232
9 8 0.015389
13 15 0.456233
3 15 0.921943
11 14 0.419362
9 3 0.568240
13 12 0.500500
13 3 0.847768
13 3 0.190742
9 15 0.913187
13 8 0.985223
8 3 0.530036
13 3 0.605650
14 3 0.576523
13 3 0.834788
13 3 0.862078
15 13 0.054087
4 13 0.608631
4 13 0.369038
14 13 0.069755
13 8 0.531752
9 8 0.192066
7 13 0.859868
8 1 0.790351
4 15 0.958315
13 3 0.251138
13 7 0.240614
1 13 0.040498
9 13 0.486673
7 9 0.824189
8 13 0.466901
15 9 0.474176
7 3 0.231568
13 11 0.051951
8 13 0.564337
9 11 0.902153
13 9 0.930677
13 3 0.490719
3 12 0.085800
8 12 0.765001
