#EXEBLOCK0:
//4
LD 0, 0, 0
LD 1, 0, 1
LD 256, 0, 8
LD 257, 0, 9
LD 258, 0, 10
LD 259, 0, 11
LD 260, 0, 12
LD 261, 0, 13
LD 262, 0, 14
LD 263, 0, 15
LD 264, 0, 16
LD 265, 0, 17
LD 266, 0, 18
LD 267, 0, 19
LD 512, 0, 20
LD 513, 0, 21
LD 514, 0, 22
LD 515, 0, 23
LD 516, 0, 24
LD 517, 0, 25
LD 518, 0, 26
LD 519, 0, 27
LD 520, 0, 28
LD 521, 0, 29
LD 522, 0, 30
LD 523, 0, 31
BITAND 0, 256, 256
BITAND 1, 512, 512
BITOR 256, 512, 512
BITAND 0, 257, 257
BITAND 1, 513, 513
BITOR 257, 513, 513
BITAND 0, 258, 258
BITAND 1, 514, 514
BITOR 258, 514, 514
BITAND 0, 259, 259
BITAND 1, 515, 515
BITOR 259, 515, 515
BITAND 0, 260, 260
BITAND 1, 516, 516
BITOR 260, 516, 516
BITAND 0, 261, 261
BITAND 1, 517, 517
BITOR 261, 517, 517
BITAND 0, 262, 262
BITAND 1, 518, 518
BITOR 262, 518, 518
BITAND 0, 263, 263
BITAND 1, 519, 519
BITOR 263, 519, 519
BITAND 0, 264, 264
BITAND 1, 520, 520
BITOR 264, 520, 520
BITAND 0, 265, 265
BITAND 1, 521, 521
BITOR 265, 521, 521
BITAND 0, 266, 266
BITAND 1, 522, 522
BITOR 266, 522, 522
BITAND 0, 267, 267
BITAND 1, 523, 523
BITOR 267, 523, 523
#EXEBLOCK1:
//65540
LD 2, 0, 2
LD 3, 0, 3
LD 1560, 0, 32
LD 1561, 0, 33
LD 1562, 0, 34
LD 1563, 0, 35
LD 1564, 0, 36
LD 1565, 0, 37
LD 1566, 0, 38
LD 1567, 0, 39
LD 1568, 0, 40
LD 1569, 0, 41
LD 1570, 0, 42
LD 1571, 0, 43
LD 1816, 0, 44
LD 1817, 0, 45
LD 1818, 0, 46
LD 1819, 0, 47
LD 1820, 0, 48
LD 1821, 0, 49
LD 1822, 0, 50
LD 1823, 0, 51
LD 1824, 0, 52
LD 1825, 0, 53
LD 1826, 0, 54
LD 1827, 0, 55
BITAND 2, 1560, 1560
BITAND 3, 1816, 1816
BITOR 1560, 1816, 1816
BITAND 2, 1561, 1561
BITAND 3, 1817, 1817
BITOR 1561, 1817, 1817
BITAND 2, 1562, 1562
BITAND 3, 1818, 1818
BITOR 1562, 1818, 1818
BITAND 2, 1563, 1563
BITAND 3, 1819, 1819
BITOR 1563, 1819, 1819
BITAND 2, 1564, 1564
BITAND 3, 1820, 1820
BITOR 1564, 1820, 1820
BITAND 2, 1565, 1565
BITAND 3, 1821, 1821
BITOR 1565, 1821, 1821
BITAND 2, 1566, 1566
BITAND 3, 1822, 1822
BITOR 1566, 1822, 1822
BITAND 2, 1567, 1567
BITAND 3, 1823, 1823
BITOR 1567, 1823, 1823
BITAND 2, 1568, 1568
BITAND 3, 1824, 1824
BITOR 1568, 1824, 1824
BITAND 2, 1569, 1569
BITAND 3, 1825, 1825
BITOR 1569, 1825, 1825
BITAND 2, 1570, 1570
BITAND 3, 1826, 1826
BITOR 1570, 1826, 1826
BITAND 2, 1571, 1571
BITAND 3, 1827, 1827
BITOR 1571, 1827, 1827
#EXEBLOCK2:
//131076
LD 4, 0, 4
LD 5, 0, 5
LD 816, 0, 56
LD 817, 0, 57
LD 818, 0, 58
LD 819, 0, 59
LD 820, 0, 60
LD 821, 0, 61
LD 822, 0, 62
LD 823, 0, 63
LD 824, 0, 64
LD 825, 0, 65
LD 826, 0, 66
LD 827, 0, 67
LD 1072, 0, 68
LD 1073, 0, 69
LD 1074, 0, 70
LD 1075, 0, 71
LD 1076, 0, 72
LD 1077, 0, 73
LD 1078, 0, 74
LD 1079, 0, 75
LD 1080, 0, 76
LD 1081, 0, 77
LD 1082, 0, 78
LD 1083, 0, 79
BITAND 4, 816, 816
BITAND 5, 1072, 1072
BITOR 816, 1072, 1072
BITAND 4, 817, 817
BITAND 5, 1073, 1073
BITOR 817, 1073, 1073
BITAND 4, 818, 818
BITAND 5, 1074, 1074
BITOR 818, 1074, 1074
BITAND 4, 819, 819
BITAND 5, 1075, 1075
BITOR 819, 1075, 1075
BITAND 4, 820, 820
BITAND 5, 1076, 1076
BITOR 820, 1076, 1076
BITAND 4, 821, 821
BITAND 5, 1077, 1077
BITOR 821, 1077, 1077
BITAND 4, 822, 822
BITAND 5, 1078, 1078
BITOR 822, 1078, 1078
BITAND 4, 823, 823
BITAND 5, 1079, 1079
BITOR 823, 1079, 1079
BITAND 4, 824, 824
BITAND 5, 1080, 1080
BITOR 824, 1080, 1080
BITAND 4, 825, 825
BITAND 5, 1081, 1081
BITOR 825, 1081, 1081
BITAND 4, 826, 826
BITAND 5, 1082, 1082
BITOR 826, 1082, 1082
BITAND 4, 827, 827
BITAND 5, 1083, 1083
BITOR 827, 1083, 1083
BITOR 1072, 512, 1072
BITOR 1073, 513, 1073
BITOR 1074, 514, 1074
BITOR 1075, 515, 1075
BITOR 1076, 516, 1076
BITOR 1077, 517, 1077
BITOR 1078, 518, 1078
BITOR 1079, 519, 1079
BITOR 1080, 520, 1080
BITOR 1081, 521, 1081
BITOR 1082, 522, 1082
BITOR 1083, 523, 1083
BITOR 1072, 1816, 1072
BITOR 1073, 1817, 1073
BITOR 1074, 1818, 1074
BITOR 1075, 1819, 1075
BITOR 1076, 1820, 1076
BITOR 1077, 1821, 1077
BITOR 1078, 1822, 1078
BITOR 1079, 1823, 1079
BITOR 1080, 1824, 1080
BITOR 1081, 1825, 1081
BITOR 1082, 1826, 1082
BITOR 1083, 1827, 1083
COPY 1072, 292, 3
COPY 1073, 293, 3
COPY 1074, 294, 3
COPY 1075, 295, 3
COPY 1076, 296, 3
COPY 1077, 297, 3
COPY 1078, 298, 3
COPY 1079, 299, 3
COPY 1080, 300, 3
COPY 1081, 301, 3
COPY 1082, 302, 3
COPY 1083, 303, 3
#EXEBLOCK3:
//196612
LD 0, 0, 0
LD 1, 0, 1
LD 256, 0, 8
LD 257, 0, 9
LD 258, 0, 10
LD 259, 0, 11
LD 260, 0, 12
LD 261, 0, 13
LD 262, 0, 14
LD 263, 0, 15
LD 264, 0, 16
LD 265, 0, 17
LD 266, 0, 18
LD 267, 0, 19
LD 512, 0, 20
LD 513, 0, 21
LD 514, 0, 22
LD 515, 0, 23
LD 516, 0, 24
LD 517, 0, 25
LD 518, 0, 26
LD 519, 0, 27
LD 520, 0, 28
LD 521, 0, 29
LD 522, 0, 30
LD 523, 0, 31
BITAND 0, 256, 256
BITAND 1, 512, 512
BITOR 256, 512, 512
BITAND 0, 257, 257
BITAND 1, 513, 513
BITOR 257, 513, 513
BITAND 0, 258, 258
BITAND 1, 514, 514
BITOR 258, 514, 514
BITAND 0, 259, 259
BITAND 1, 515, 515
BITOR 259, 515, 515
BITAND 0, 260, 260
BITAND 1, 516, 516
BITOR 260, 516, 516
BITAND 0, 261, 261
BITAND 1, 517, 517
BITOR 261, 517, 517
BITAND 0, 262, 262
BITAND 1, 518, 518
BITOR 262, 518, 518
BITAND 0, 263, 263
BITAND 1, 519, 519
BITOR 263, 519, 519
BITAND 0, 264, 264
BITAND 1, 520, 520
BITOR 264, 520, 520
BITAND 0, 265, 265
BITAND 1, 521, 521
BITOR 265, 521, 521
BITAND 0, 266, 266
BITAND 1, 522, 522
BITOR 266, 522, 522
BITAND 0, 267, 267
BITAND 1, 523, 523
BITOR 267, 523, 523
#EXEBLOCK4:
//262148
LD 2, 0, 2
LD 3, 0, 3
LD 1816, 0, 32
LD 1817, 0, 33
LD 1818, 0, 34
LD 1819, 0, 35
LD 1820, 0, 36
LD 1821, 0, 37
LD 1822, 0, 38
LD 1823, 0, 39
LD 1824, 0, 40
LD 1825, 0, 41
LD 1826, 0, 42
LD 1827, 0, 43
LD 280, 0, 44
LD 281, 0, 45
LD 282, 0, 46
LD 283, 0, 47
LD 284, 0, 48
LD 285, 0, 49
LD 286, 0, 50
LD 287, 0, 51
LD 288, 0, 52
LD 289, 0, 53
LD 290, 0, 54
LD 291, 0, 55
BITAND 2, 1816, 1816
BITAND 3, 280, 280
BITOR 1816, 280, 280
BITAND 2, 1817, 1817
BITAND 3, 281, 281
BITOR 1817, 281, 281
BITAND 2, 1818, 1818
BITAND 3, 282, 282
BITOR 1818, 282, 282
BITAND 2, 1819, 1819
BITAND 3, 283, 283
BITOR 1819, 283, 283
BITAND 2, 1820, 1820
BITAND 3, 284, 284
BITOR 1820, 284, 284
BITAND 2, 1821, 1821
BITAND 3, 285, 285
BITOR 1821, 285, 285
BITAND 2, 1822, 1822
BITAND 3, 286, 286
BITOR 1822, 286, 286
BITAND 2, 1823, 1823
BITAND 3, 287, 287
BITOR 1823, 287, 287
BITAND 2, 1824, 1824
BITAND 3, 288, 288
BITOR 1824, 288, 288
BITAND 2, 1825, 1825
BITAND 3, 289, 289
BITOR 1825, 289, 289
BITAND 2, 1826, 1826
BITAND 3, 290, 290
BITOR 1826, 290, 290
BITAND 2, 1827, 1827
BITAND 3, 291, 291
BITOR 1827, 291, 291
#EXEBLOCK5:
//327684
LD 4, 0, 4
LD 5, 0, 5
LD 304, 0, 56
LD 305, 0, 57
LD 306, 0, 58
LD 307, 0, 59
LD 308, 0, 60
LD 309, 0, 61
LD 310, 0, 62
LD 311, 0, 63
LD 312, 0, 64
LD 313, 0, 65
LD 314, 0, 66
LD 315, 0, 67
LD 560, 0, 68
LD 561, 0, 69
LD 562, 0, 70
LD 563, 0, 71
LD 564, 0, 72
LD 565, 0, 73
LD 566, 0, 74
LD 567, 0, 75
LD 568, 0, 76
LD 569, 0, 77
LD 570, 0, 78
LD 571, 0, 79
BITAND 4, 304, 304
BITAND 5, 560, 560
BITOR 304, 560, 560
BITAND 4, 305, 305
BITAND 5, 561, 561
BITOR 305, 561, 561
BITAND 4, 306, 306
BITAND 5, 562, 562
BITOR 306, 562, 562
BITAND 4, 307, 307
BITAND 5, 563, 563
BITOR 307, 563, 563
BITAND 4, 308, 308
BITAND 5, 564, 564
BITOR 308, 564, 564
BITAND 4, 309, 309
BITAND 5, 565, 565
BITOR 309, 565, 565
BITAND 4, 310, 310
BITAND 5, 566, 566
BITOR 310, 566, 566
BITAND 4, 311, 311
BITAND 5, 567, 567
BITOR 311, 567, 567
BITAND 4, 312, 312
BITAND 5, 568, 568
BITOR 312, 568, 568
BITAND 4, 313, 313
BITAND 5, 569, 569
BITOR 313, 569, 569
BITAND 4, 314, 314
BITAND 5, 570, 570
BITOR 314, 570, 570
BITAND 4, 315, 315
BITAND 5, 571, 571
BITOR 315, 571, 571
PREREAD0 560, 0, 0
BITOR 560, 512, 560
PREREAD0 561, 0, 0
BITOR 561, 513, 561
PREREAD0 562, 0, 0
BITOR 562, 514, 562
PREREAD0 563, 0, 0
BITOR 563, 515, 563
PREREAD0 564, 0, 0
BITOR 564, 516, 564
PREREAD0 565, 0, 0
BITOR 565, 517, 565
PREREAD0 566, 0, 0
BITOR 566, 518, 566
PREREAD0 567, 0, 0
BITOR 567, 519, 567
PREREAD0 568, 0, 0
BITOR 568, 520, 568
PREREAD0 569, 0, 0
BITOR 569, 521, 569
PREREAD0 570, 0, 0
BITOR 570, 522, 570
PREREAD0 571, 0, 0
BITOR 571, 523, 571
BITOR 560, 280, 560
BITOR 561, 281, 561
BITOR 562, 282, 562
BITOR 563, 283, 563
BITOR 564, 284, 564
BITOR 565, 285, 565
BITOR 566, 286, 566
BITOR 567, 287, 567
BITOR 568, 288, 568
BITOR 569, 289, 569
BITOR 570, 290, 570
BITOR 571, 291, 571
COPY 560, 304, 3
COPY 561, 305, 3
COPY 562, 306, 3
COPY 563, 307, 3
COPY 564, 308, 3
COPY 565, 309, 3
COPY 566, 310, 3
COPY 567, 311, 3
COPY 568, 312, 3
COPY 569, 313, 3
COPY 570, 314, 3
COPY 571, 315, 3
#EXEBLOCK6:
//393220
LD 0, 0, 0
LD 1, 0, 1
LD 1024, 0, 8
LD 1025, 0, 9
LD 1026, 0, 10
LD 1027, 0, 11
LD 1028, 0, 12
LD 1029, 0, 13
LD 1030, 0, 14
LD 1031, 0, 15
LD 1032, 0, 16
LD 1033, 0, 17
LD 1034, 0, 18
LD 1035, 0, 19
LD 1280, 0, 20
LD 1281, 0, 21
LD 1282, 0, 22
LD 1283, 0, 23
LD 1284, 0, 24
LD 1285, 0, 25
LD 1286, 0, 26
LD 1287, 0, 27
LD 1288, 0, 28
LD 1289, 0, 29
LD 1290, 0, 30
LD 1291, 0, 31
BITAND 0, 1024, 1024
BITAND 1, 1280, 1280
BITOR 1024, 1280, 1280
BITAND 0, 1025, 1025
BITAND 1, 1281, 1281
BITOR 1025, 1281, 1281
BITAND 0, 1026, 1026
BITAND 1, 1282, 1282
BITOR 1026, 1282, 1282
BITAND 0, 1027, 1027
BITAND 1, 1283, 1283
BITOR 1027, 1283, 1283
BITAND 0, 1028, 1028
BITAND 1, 1284, 1284
BITOR 1028, 1284, 1284
BITAND 0, 1029, 1029
BITAND 1, 1285, 1285
BITOR 1029, 1285, 1285
BITAND 0, 1030, 1030
BITAND 1, 1286, 1286
BITOR 1030, 1286, 1286
BITAND 0, 1031, 1031
BITAND 1, 1287, 1287
BITOR 1031, 1287, 1287
BITAND 0, 1032, 1032
BITAND 1, 1288, 1288
BITOR 1032, 1288, 1288
BITAND 0, 1033, 1033
BITAND 1, 1289, 1289
BITOR 1033, 1289, 1289
BITAND 0, 1034, 1034
BITAND 1, 1290, 1290
BITOR 1034, 1290, 1290
BITAND 0, 1035, 1035
BITAND 1, 1291, 1291
BITOR 1035, 1291, 1291
#EXEBLOCK7:
//458756
LD 2, 0, 2
LD 3, 0, 3
LD 1048, 0, 32
LD 1049, 0, 33
LD 1050, 0, 34
LD 1051, 0, 35
LD 1052, 0, 36
LD 1053, 0, 37
LD 1054, 0, 38
LD 1055, 0, 39
LD 1056, 0, 40
LD 1057, 0, 41
LD 1058, 0, 42
LD 1059, 0, 43
LD 1304, 0, 44
LD 1305, 0, 45
LD 1306, 0, 46
LD 1307, 0, 47
LD 1308, 0, 48
LD 1309, 0, 49
LD 1310, 0, 50
LD 1311, 0, 51
LD 1312, 0, 52
LD 1313, 0, 53
LD 1314, 0, 54
LD 1315, 0, 55
BITAND 2, 1048, 1048
BITAND 3, 1304, 1304
BITOR 1048, 1304, 1304
BITAND 2, 1049, 1049
BITAND 3, 1305, 1305
BITOR 1049, 1305, 1305
BITAND 2, 1050, 1050
BITAND 3, 1306, 1306
BITOR 1050, 1306, 1306
BITAND 2, 1051, 1051
BITAND 3, 1307, 1307
BITOR 1051, 1307, 1307
BITAND 2, 1052, 1052
BITAND 3, 1308, 1308
BITOR 1052, 1308, 1308
BITAND 2, 1053, 1053
BITAND 3, 1309, 1309
BITOR 1053, 1309, 1309
BITAND 2, 1054, 1054
BITAND 3, 1310, 1310
BITOR 1054, 1310, 1310
BITAND 2, 1055, 1055
BITAND 3, 1311, 1311
BITOR 1055, 1311, 1311
BITAND 2, 1056, 1056
BITAND 3, 1312, 1312
BITOR 1056, 1312, 1312
BITAND 2, 1057, 1057
BITAND 3, 1313, 1313
BITOR 1057, 1313, 1313
BITAND 2, 1058, 1058
BITAND 3, 1314, 1314
BITOR 1058, 1314, 1314
BITAND 2, 1059, 1059
BITAND 3, 1315, 1315
BITOR 1059, 1315, 1315
#EXEBLOCK8:
//524292
LD 4, 0, 4
LD 5, 0, 5
LD 1584, 0, 56
LD 1585, 0, 57
LD 1586, 0, 58
LD 1587, 0, 59
LD 1588, 0, 60
LD 1589, 0, 61
LD 1590, 0, 62
LD 1591, 0, 63
LD 1592, 0, 64
LD 1593, 0, 65
LD 1594, 0, 66
LD 1595, 0, 67
LD 1840, 0, 68
LD 1841, 0, 69
LD 1842, 0, 70
LD 1843, 0, 71
LD 1844, 0, 72
LD 1845, 0, 73
LD 1846, 0, 74
LD 1847, 0, 75
LD 1848, 0, 76
LD 1849, 0, 77
LD 1850, 0, 78
LD 1851, 0, 79
BITAND 4, 1584, 1584
BITAND 5, 1840, 1840
BITOR 1584, 1840, 1840
BITAND 4, 1585, 1585
BITAND 5, 1841, 1841
BITOR 1585, 1841, 1841
BITAND 4, 1586, 1586
BITAND 5, 1842, 1842
BITOR 1586, 1842, 1842
BITAND 4, 1587, 1587
BITAND 5, 1843, 1843
BITOR 1587, 1843, 1843
BITAND 4, 1588, 1588
BITAND 5, 1844, 1844
BITOR 1588, 1844, 1844
BITAND 4, 1589, 1589
BITAND 5, 1845, 1845
BITOR 1589, 1845, 1845
BITAND 4, 1590, 1590
BITAND 5, 1846, 1846
BITOR 1590, 1846, 1846
BITAND 4, 1591, 1591
BITAND 5, 1847, 1847
BITOR 1591, 1847, 1847
BITAND 4, 1592, 1592
BITAND 5, 1848, 1848
BITOR 1592, 1848, 1848
BITAND 4, 1593, 1593
BITAND 5, 1849, 1849
BITOR 1593, 1849, 1849
BITAND 4, 1594, 1594
BITAND 5, 1850, 1850
BITOR 1594, 1850, 1850
BITAND 4, 1595, 1595
BITAND 5, 1851, 1851
BITOR 1595, 1851, 1851
BITOR 1840, 1280, 1840
BITOR 1841, 1281, 1841
BITOR 1842, 1282, 1842
BITOR 1843, 1283, 1843
BITOR 1844, 1284, 1844
BITOR 1845, 1285, 1845
BITOR 1846, 1286, 1846
BITOR 1847, 1287, 1847
BITOR 1848, 1288, 1848
BITOR 1849, 1289, 1849
BITOR 1850, 1290, 1850
BITOR 1851, 1291, 1851
BITOR 1840, 1304, 1840
BITOR 1841, 1305, 1841
BITOR 1842, 1306, 1842
BITOR 1843, 1307, 1843
BITOR 1844, 1308, 1844
BITOR 1845, 1309, 1845
BITOR 1846, 1310, 1846
BITOR 1847, 1311, 1847
BITOR 1848, 1312, 1848
BITOR 1849, 1313, 1849
BITOR 1850, 1314, 1850
BITOR 1851, 1315, 1851
COPY 1840, 316, 3
COPY 1841, 317, 3
COPY 1842, 318, 3
COPY 1843, 319, 3
COPY 1844, 320, 3
COPY 1845, 321, 3
COPY 1846, 322, 3
COPY 1847, 323, 3
COPY 1848, 324, 3
COPY 1849, 325, 3
COPY 1850, 326, 3
COPY 1851, 327, 3
#EXEBLOCK9:
//589828
LD 0, 0, 0
LD 1, 0, 1
LD 256, 0, 8
LD 257, 0, 9
LD 258, 0, 10
LD 259, 0, 11
LD 260, 0, 12
LD 261, 0, 13
LD 262, 0, 14
LD 263, 0, 15
LD 264, 0, 16
LD 265, 0, 17
LD 266, 0, 18
LD 267, 0, 19
LD 512, 0, 20
LD 513, 0, 21
LD 514, 0, 22
LD 515, 0, 23
LD 516, 0, 24
LD 517, 0, 25
LD 518, 0, 26
LD 519, 0, 27
LD 520, 0, 28
LD 521, 0, 29
LD 522, 0, 30
LD 523, 0, 31
BITAND 0, 256, 256
BITAND 1, 512, 512
BITOR 256, 512, 512
BITAND 0, 257, 257
BITAND 1, 513, 513
BITOR 257, 513, 513
BITAND 0, 258, 258
BITAND 1, 514, 514
BITOR 258, 514, 514
BITAND 0, 259, 259
BITAND 1, 515, 515
BITOR 259, 515, 515
BITAND 0, 260, 260
BITAND 1, 516, 516
BITOR 260, 516, 516
BITAND 0, 261, 261
BITAND 1, 517, 517
BITOR 261, 517, 517
BITAND 0, 262, 262
BITAND 1, 518, 518
BITOR 262, 518, 518
BITAND 0, 263, 263
BITAND 1, 519, 519
BITOR 263, 519, 519
BITAND 0, 264, 264
BITAND 1, 520, 520
BITOR 264, 520, 520
BITAND 0, 265, 265
BITAND 1, 521, 521
BITOR 265, 521, 521
BITAND 0, 266, 266
BITAND 1, 522, 522
BITOR 266, 522, 522
BITAND 0, 267, 267
BITAND 1, 523, 523
BITOR 267, 523, 523
#EXEBLOCK10:
//655364
LD 2, 0, 2
LD 3, 0, 3
LD 1816, 0, 32
LD 1817, 0, 33
LD 1818, 0, 34
LD 1819, 0, 35
LD 1820, 0, 36
LD 1821, 0, 37
LD 1822, 0, 38
LD 1823, 0, 39
LD 1824, 0, 40
LD 1825, 0, 41
LD 1826, 0, 42
LD 1827, 0, 43
LD 280, 0, 44
LD 281, 0, 45
LD 282, 0, 46
LD 283, 0, 47
LD 284, 0, 48
LD 285, 0, 49
LD 286, 0, 50
LD 287, 0, 51
LD 288, 0, 52
LD 289, 0, 53
LD 290, 0, 54
LD 291, 0, 55
BITAND 2, 1816, 1816
BITAND 3, 280, 280
BITOR 1816, 280, 280
BITAND 2, 1817, 1817
BITAND 3, 281, 281
BITOR 1817, 281, 281
BITAND 2, 1818, 1818
BITAND 3, 282, 282
BITOR 1818, 282, 282
BITAND 2, 1819, 1819
BITAND 3, 283, 283
BITOR 1819, 283, 283
BITAND 2, 1820, 1820
BITAND 3, 284, 284
BITOR 1820, 284, 284
BITAND 2, 1821, 1821
BITAND 3, 285, 285
BITOR 1821, 285, 285
BITAND 2, 1822, 1822
BITAND 3, 286, 286
BITOR 1822, 286, 286
BITAND 2, 1823, 1823
BITAND 3, 287, 287
BITOR 1823, 287, 287
BITAND 2, 1824, 1824
BITAND 3, 288, 288
BITOR 1824, 288, 288
BITAND 2, 1825, 1825
BITAND 3, 289, 289
BITOR 1825, 289, 289
BITAND 2, 1826, 1826
BITAND 3, 290, 290
BITOR 1826, 290, 290
BITAND 2, 1827, 1827
BITAND 3, 291, 291
BITOR 1827, 291, 291
#EXEBLOCK11:
//720900
LD 4, 0, 4
LD 5, 0, 5
LD 1072, 0, 56
LD 1073, 0, 57
LD 1074, 0, 58
LD 1075, 0, 59
LD 1076, 0, 60
LD 1077, 0, 61
LD 1078, 0, 62
LD 1079, 0, 63
LD 1080, 0, 64
LD 1081, 0, 65
LD 1082, 0, 66
LD 1083, 0, 67
LD 1328, 0, 68
LD 1329, 0, 69
LD 1330, 0, 70
LD 1331, 0, 71
LD 1332, 0, 72
LD 1333, 0, 73
LD 1334, 0, 74
LD 1335, 0, 75
LD 1336, 0, 76
LD 1337, 0, 77
LD 1338, 0, 78
LD 1339, 0, 79
BITAND 4, 1072, 1072
BITAND 5, 1328, 1328
BITOR 1072, 1328, 1328
BITAND 4, 1073, 1073
BITAND 5, 1329, 1329
BITOR 1073, 1329, 1329
BITAND 4, 1074, 1074
BITAND 5, 1330, 1330
BITOR 1074, 1330, 1330
BITAND 4, 1075, 1075
BITAND 5, 1331, 1331
BITOR 1075, 1331, 1331
BITAND 4, 1076, 1076
BITAND 5, 1332, 1332
BITOR 1076, 1332, 1332
BITAND 4, 1077, 1077
BITAND 5, 1333, 1333
BITOR 1077, 1333, 1333
BITAND 4, 1078, 1078
BITAND 5, 1334, 1334
BITOR 1078, 1334, 1334
BITAND 4, 1079, 1079
BITAND 5, 1335, 1335
BITOR 1079, 1335, 1335
BITAND 4, 1080, 1080
BITAND 5, 1336, 1336
BITOR 1080, 1336, 1336
BITAND 4, 1081, 1081
BITAND 5, 1337, 1337
BITOR 1081, 1337, 1337
BITAND 4, 1082, 1082
BITAND 5, 1338, 1338
BITOR 1082, 1338, 1338
BITAND 4, 1083, 1083
BITAND 5, 1339, 1339
BITOR 1083, 1339, 1339
BITOR 1328, 292, 1328
BITOR 1329, 293, 1329
BITOR 1330, 294, 1330
BITOR 1331, 295, 1331
BITOR 1332, 296, 1332
BITOR 1333, 297, 1333
BITOR 1334, 298, 1334
BITOR 1335, 299, 1335
BITOR 1336, 300, 1336
BITOR 1337, 301, 1337
BITOR 1338, 302, 1338
BITOR 1339, 303, 1339
BITOR 1328, 304, 1328
BITOR 1329, 305, 1329
BITOR 1330, 306, 1330
BITOR 1331, 307, 1331
BITOR 1332, 308, 1332
BITOR 1333, 309, 1333
BITOR 1334, 310, 1334
BITOR 1335, 311, 1335
BITOR 1336, 312, 1336
BITOR 1337, 313, 1337
BITOR 1338, 314, 1338
BITOR 1339, 315, 1339
BITOR 1328, 316, 1328
BITOR 1329, 317, 1329
BITOR 1330, 318, 1330
BITOR 1331, 319, 1331
BITOR 1332, 320, 1332
BITOR 1333, 321, 1333
BITOR 1334, 322, 1334
BITOR 1335, 323, 1335
BITOR 1336, 324, 1336
BITOR 1337, 325, 1337
BITOR 1338, 326, 1338
BITOR 1339, 327, 1339
BITOR 1328, 512, 1328
BITOR 1329, 513, 1329
BITOR 1330, 514, 1330
BITOR 1331, 515, 1331
BITOR 1332, 516, 1332
BITOR 1333, 517, 1333
BITOR 1334, 518, 1334
BITOR 1335, 519, 1335
BITOR 1336, 520, 1336
BITOR 1337, 521, 1337
BITOR 1338, 522, 1338
BITOR 1339, 523, 1339
BITOR 1328, 280, 1328
BITOR 1329, 281, 1329
BITOR 1330, 282, 1330
BITOR 1331, 283, 1331
BITOR 1332, 284, 1332
BITOR 1333, 285, 1333
BITOR 1334, 286, 1334
BITOR 1335, 287, 1335
BITOR 1336, 288, 1336
BITOR 1337, 289, 1337
BITOR 1338, 290, 1338
BITOR 1339, 291, 1339
ST 1328, 0, 0
ST 1329, 0, 1
ST 1330, 0, 2
ST 1331, 0, 3
ST 1332, 0, 4
ST 1333, 0, 5
ST 1334, 0, 6
ST 1335, 0, 7
ST 1336, 0, 8
ST 1337, 0, 9
ST 1338, 0, 10
ST 1339, 0, 11
#EXEBLOCK12:
//786436
LD 0, 0, 0
LD 1, 0, 1
LD 256, 0, 8
LD 257, 0, 9
LD 258, 0, 10
LD 259, 0, 11
LD 260, 0, 12
LD 261, 0, 13
LD 262, 0, 14
LD 263, 0, 15
LD 264, 0, 16
LD 265, 0, 17
LD 266, 0, 18
LD 267, 0, 19
LD 512, 0, 20
LD 513, 0, 21
LD 514, 0, 22
LD 515, 0, 23
LD 516, 0, 24
LD 517, 0, 25
LD 518, 0, 26
LD 519, 0, 27
LD 520, 0, 28
LD 521, 0, 29
LD 522, 0, 30
LD 523, 0, 31
BITAND 0, 256, 256
BITAND 1, 512, 512
BITOR 256, 512, 512
BITAND 0, 257, 257
BITAND 1, 513, 513
BITOR 257, 513, 513
BITAND 0, 258, 258
BITAND 1, 514, 514
BITOR 258, 514, 514
BITAND 0, 259, 259
BITAND 1, 515, 515
BITOR 259, 515, 515
BITAND 0, 260, 260
BITAND 1, 516, 516
BITOR 260, 516, 516
BITAND 0, 261, 261
BITAND 1, 517, 517
BITOR 261, 517, 517
BITAND 0, 262, 262
BITAND 1, 518, 518
BITOR 262, 518, 518
BITAND 0, 263, 263
BITAND 1, 519, 519
BITOR 263, 519, 519
BITAND 0, 264, 264
BITAND 1, 520, 520
BITOR 264, 520, 520
BITAND 0, 265, 265
BITAND 1, 521, 521
BITOR 265, 521, 521
BITAND 0, 266, 266
BITAND 1, 522, 522
BITOR 266, 522, 522
BITAND 0, 267, 267
BITAND 1, 523, 523
BITOR 267, 523, 523
#EXEBLOCK13:
//851972
LD 2, 0, 2
LD 3, 0, 3
LD 1816, 0, 32
LD 1817, 0, 33
LD 1818, 0, 34
LD 1819, 0, 35
LD 1820, 0, 36
LD 1821, 0, 37
LD 1822, 0, 38
LD 1823, 0, 39
LD 1824, 0, 40
LD 1825, 0, 41
LD 1826, 0, 42
LD 1827, 0, 43
LD 280, 0, 44
LD 281, 0, 45
LD 282, 0, 46
LD 283, 0, 47
LD 284, 0, 48
LD 285, 0, 49
LD 286, 0, 50
LD 287, 0, 51
LD 288, 0, 52
LD 289, 0, 53
LD 290, 0, 54
LD 291, 0, 55
BITAND 2, 1816, 1816
BITAND 3, 280, 280
BITOR 1816, 280, 280
BITAND 2, 1817, 1817
BITAND 3, 281, 281
BITOR 1817, 281, 281
BITAND 2, 1818, 1818
BITAND 3, 282, 282
BITOR 1818, 282, 282
BITAND 2, 1819, 1819
BITAND 3, 283, 283
BITOR 1819, 283, 283
BITAND 2, 1820, 1820
BITAND 3, 284, 284
BITOR 1820, 284, 284
BITAND 2, 1821, 1821
BITAND 3, 285, 285
BITOR 1821, 285, 285
BITAND 2, 1822, 1822
BITAND 3, 286, 286
BITOR 1822, 286, 286
BITAND 2, 1823, 1823
BITAND 3, 287, 287
BITOR 1823, 287, 287
BITAND 2, 1824, 1824
BITAND 3, 288, 288
BITOR 1824, 288, 288
BITAND 2, 1825, 1825
BITAND 3, 289, 289
BITOR 1825, 289, 289
BITAND 2, 1826, 1826
BITAND 3, 290, 290
BITOR 1826, 290, 290
BITAND 2, 1827, 1827
BITAND 3, 291, 291
BITOR 1827, 291, 291
#EXEBLOCK14:
//917508
LD 4, 0, 4
LD 5, 0, 5
LD 1584, 0, 56
LD 1585, 0, 57
LD 1586, 0, 58
LD 1587, 0, 59
LD 1588, 0, 60
LD 1589, 0, 61
LD 1590, 0, 62
LD 1591, 0, 63
LD 1592, 0, 64
LD 1593, 0, 65
LD 1594, 0, 66
LD 1595, 0, 67
LD 1840, 0, 68
LD 1841, 0, 69
LD 1842, 0, 70
LD 1843, 0, 71
LD 1844, 0, 72
LD 1845, 0, 73
LD 1846, 0, 74
LD 1847, 0, 75
LD 1848, 0, 76
LD 1849, 0, 77
LD 1850, 0, 78
LD 1851, 0, 79
BITAND 4, 1584, 1584
BITAND 5, 1840, 1840
BITOR 1584, 1840, 1840
BITAND 4, 1585, 1585
BITAND 5, 1841, 1841
BITOR 1585, 1841, 1841
BITAND 4, 1586, 1586
BITAND 5, 1842, 1842
BITOR 1586, 1842, 1842
BITAND 4, 1587, 1587
BITAND 5, 1843, 1843
BITOR 1587, 1843, 1843
BITAND 4, 1588, 1588
BITAND 5, 1844, 1844
BITOR 1588, 1844, 1844
BITAND 4, 1589, 1589
BITAND 5, 1845, 1845
BITOR 1589, 1845, 1845
BITAND 4, 1590, 1590
BITAND 5, 1846, 1846
BITOR 1590, 1846, 1846
BITAND 4, 1591, 1591
BITAND 5, 1847, 1847
BITOR 1591, 1847, 1847
BITAND 4, 1592, 1592
BITAND 5, 1848, 1848
BITOR 1592, 1848, 1848
BITAND 4, 1593, 1593
BITAND 5, 1849, 1849
BITOR 1593, 1849, 1849
BITAND 4, 1594, 1594
BITAND 5, 1850, 1850
BITOR 1594, 1850, 1850
BITAND 4, 1595, 1595
BITAND 5, 1851, 1851
BITOR 1595, 1851, 1851
BITOR 1840, 512, 1840
BITOR 1841, 513, 1841
BITOR 1842, 514, 1842
BITOR 1843, 515, 1843
BITOR 1844, 516, 1844
BITOR 1845, 517, 1845
BITOR 1846, 518, 1846
BITOR 1847, 519, 1847
BITOR 1848, 520, 1848
BITOR 1849, 521, 1849
BITOR 1850, 522, 1850
BITOR 1851, 523, 1851
BITOR 1840, 280, 1840
BITOR 1841, 281, 1841
BITOR 1842, 282, 1842
BITOR 1843, 283, 1843
BITOR 1844, 284, 1844
BITOR 1845, 285, 1845
BITOR 1846, 286, 1846
BITOR 1847, 287, 1847
BITOR 1848, 288, 1848
BITOR 1849, 289, 1849
BITOR 1850, 290, 1850
BITOR 1851, 291, 1851
COPY 1840, 316, 7
COPY 1841, 317, 7
COPY 1842, 318, 7
COPY 1843, 319, 7
COPY 1844, 320, 7
COPY 1845, 321, 7
COPY 1846, 322, 7
COPY 1847, 323, 7
COPY 1848, 324, 7
COPY 1849, 325, 7
COPY 1850, 326, 7
COPY 1851, 327, 7
#EXEBLOCK15:
//983044
LD 0, 0, 0
LD 1, 0, 1
LD 768, 0, 8
LD 769, 0, 9
LD 770, 0, 10
LD 771, 0, 11
LD 772, 0, 12
LD 773, 0, 13
LD 774, 0, 14
LD 775, 0, 15
LD 776, 0, 16
LD 777, 0, 17
LD 778, 0, 18
LD 779, 0, 19
LD 1024, 0, 20
LD 1025, 0, 21
LD 1026, 0, 22
LD 1027, 0, 23
LD 1028, 0, 24
LD 1029, 0, 25
LD 1030, 0, 26
LD 1031, 0, 27
LD 1032, 0, 28
LD 1033, 0, 29
LD 1034, 0, 30
LD 1035, 0, 31
BITAND 0, 768, 768
BITAND 1, 1024, 1024
BITOR 768, 1024, 1024
BITAND 0, 769, 769
BITAND 1, 1025, 1025
BITOR 769, 1025, 1025
BITAND 0, 770, 770
BITAND 1, 1026, 1026
BITOR 770, 1026, 1026
BITAND 0, 771, 771
BITAND 1, 1027, 1027
BITOR 771, 1027, 1027
BITAND 0, 772, 772
BITAND 1, 1028, 1028
BITOR 772, 1028, 1028
BITAND 0, 773, 773
BITAND 1, 1029, 1029
BITOR 773, 1029, 1029
BITAND 0, 774, 774
BITAND 1, 1030, 1030
BITOR 774, 1030, 1030
BITAND 0, 775, 775
BITAND 1, 1031, 1031
BITOR 775, 1031, 1031
BITAND 0, 776, 776
BITAND 1, 1032, 1032
BITOR 776, 1032, 1032
BITAND 0, 777, 777
BITAND 1, 1033, 1033
BITOR 777, 1033, 1033
BITAND 0, 778, 778
BITAND 1, 1034, 1034
BITOR 778, 1034, 1034
BITAND 0, 779, 779
BITAND 1, 1035, 1035
BITOR 779, 1035, 1035
#EXEBLOCK16:
//1048580
LD 2, 0, 2
LD 3, 0, 3
LD 1304, 0, 32
LD 1305, 0, 33
LD 1306, 0, 34
LD 1307, 0, 35
LD 1308, 0, 36
LD 1309, 0, 37
LD 1310, 0, 38
LD 1311, 0, 39
LD 1312, 0, 40
LD 1313, 0, 41
LD 1314, 0, 42
LD 1315, 0, 43
LD 1560, 0, 44
LD 1561, 0, 45
LD 1562, 0, 46
LD 1563, 0, 47
LD 1564, 0, 48
LD 1565, 0, 49
LD 1566, 0, 50
LD 1567, 0, 51
LD 1568, 0, 52
LD 1569, 0, 53
LD 1570, 0, 54
LD 1571, 0, 55
BITAND 2, 1304, 1304
BITAND 3, 1560, 1560
BITOR 1304, 1560, 1560
BITAND 2, 1305, 1305
BITAND 3, 1561, 1561
BITOR 1305, 1561, 1561
BITAND 2, 1306, 1306
BITAND 3, 1562, 1562
BITOR 1306, 1562, 1562
BITAND 2, 1307, 1307
BITAND 3, 1563, 1563
BITOR 1307, 1563, 1563
BITAND 2, 1308, 1308
BITAND 3, 1564, 1564
BITOR 1308, 1564, 1564
BITAND 2, 1309, 1309
BITAND 3, 1565, 1565
BITOR 1309, 1565, 1565
BITAND 2, 1310, 1310
BITAND 3, 1566, 1566
BITOR 1310, 1566, 1566
BITAND 2, 1311, 1311
BITAND 3, 1567, 1567
BITOR 1311, 1567, 1567
BITAND 2, 1312, 1312
BITAND 3, 1568, 1568
BITOR 1312, 1568, 1568
BITAND 2, 1313, 1313
BITAND 3, 1569, 1569
BITOR 1313, 1569, 1569
BITAND 2, 1314, 1314
BITAND 3, 1570, 1570
BITOR 1314, 1570, 1570
BITAND 2, 1315, 1315
BITAND 3, 1571, 1571
BITOR 1315, 1571, 1571
#EXEBLOCK17:
//1114116
LD 4, 0, 4
LD 5, 0, 5
LD 1840, 0, 56
LD 1841, 0, 57
LD 1842, 0, 58
LD 1843, 0, 59
LD 1844, 0, 60
LD 1845, 0, 61
LD 1846, 0, 62
LD 1847, 0, 63
LD 1848, 0, 64
LD 1849, 0, 65
LD 1850, 0, 66
LD 1851, 0, 67
LD 304, 0, 68
LD 305, 0, 69
LD 306, 0, 70
LD 307, 0, 71
LD 308, 0, 72
LD 309, 0, 73
LD 310, 0, 74
LD 311, 0, 75
LD 312, 0, 76
LD 313, 0, 77
LD 314, 0, 78
LD 315, 0, 79
BITAND 4, 1840, 1840
BITAND 5, 304, 304
BITOR 1840, 304, 304
BITAND 4, 1841, 1841
BITAND 5, 305, 305
BITOR 1841, 305, 305
BITAND 4, 1842, 1842
BITAND 5, 306, 306
BITOR 1842, 306, 306
BITAND 4, 1843, 1843
BITAND 5, 307, 307
BITOR 1843, 307, 307
BITAND 4, 1844, 1844
BITAND 5, 308, 308
BITOR 1844, 308, 308
BITAND 4, 1845, 1845
BITAND 5, 309, 309
BITOR 1845, 309, 309
BITAND 4, 1846, 1846
BITAND 5, 310, 310
BITOR 1846, 310, 310
BITAND 4, 1847, 1847
BITAND 5, 311, 311
BITOR 1847, 311, 311
BITAND 4, 1848, 1848
BITAND 5, 312, 312
BITOR 1848, 312, 312
BITAND 4, 1849, 1849
BITAND 5, 313, 313
BITOR 1849, 313, 313
BITAND 4, 1850, 1850
BITAND 5, 314, 314
BITOR 1850, 314, 314
BITAND 4, 1851, 1851
BITAND 5, 315, 315
BITOR 1851, 315, 315
BITOR 304, 1024, 304
BITOR 305, 1025, 305
BITOR 306, 1026, 306
BITOR 307, 1027, 307
BITOR 308, 1028, 308
BITOR 309, 1029, 309
BITOR 310, 1030, 310
BITOR 311, 1031, 311
BITOR 312, 1032, 312
BITOR 313, 1033, 313
BITOR 314, 1034, 314
BITOR 315, 1035, 315
BITOR 304, 1560, 304
BITOR 305, 1561, 305
BITOR 306, 1562, 306
BITOR 307, 1563, 307
BITOR 308, 1564, 308
BITOR 309, 1565, 309
BITOR 310, 1566, 310
BITOR 311, 1567, 311
BITOR 312, 1568, 312
BITOR 313, 1569, 313
BITOR 314, 1570, 314
BITOR 315, 1571, 315
COPY 304, 328, 7
COPY 305, 329, 7
COPY 306, 330, 7
COPY 307, 331, 7
COPY 308, 332, 7
COPY 309, 333, 7
COPY 310, 334, 7
COPY 311, 335, 7
COPY 312, 336, 7
COPY 313, 337, 7
COPY 314, 338, 7
COPY 315, 339, 7
#EXEBLOCK18:
//1179652
LD 0, 0, 0
LD 1, 0, 1
LD 256, 0, 8
LD 257, 0, 9
LD 258, 0, 10
LD 259, 0, 11
LD 260, 0, 12
LD 261, 0, 13
LD 262, 0, 14
LD 263, 0, 15
LD 264, 0, 16
LD 265, 0, 17
LD 266, 0, 18
LD 267, 0, 19
LD 512, 0, 20
LD 513, 0, 21
LD 514, 0, 22
LD 515, 0, 23
LD 516, 0, 24
LD 517, 0, 25
LD 518, 0, 26
LD 519, 0, 27
LD 520, 0, 28
LD 521, 0, 29
LD 522, 0, 30
LD 523, 0, 31
BITAND 0, 256, 256
BITAND 1, 512, 512
BITOR 256, 512, 512
BITAND 0, 257, 257
BITAND 1, 513, 513
BITOR 257, 513, 513
BITAND 0, 258, 258
BITAND 1, 514, 514
BITOR 258, 514, 514
BITAND 0, 259, 259
BITAND 1, 515, 515
BITOR 259, 515, 515
BITAND 0, 260, 260
BITAND 1, 516, 516
BITOR 260, 516, 516
BITAND 0, 261, 261
BITAND 1, 517, 517
BITOR 261, 517, 517
BITAND 0, 262, 262
BITAND 1, 518, 518
BITOR 262, 518, 518
BITAND 0, 263, 263
BITAND 1, 519, 519
BITOR 263, 519, 519
BITAND 0, 264, 264
BITAND 1, 520, 520
BITOR 264, 520, 520
BITAND 0, 265, 265
BITAND 1, 521, 521
BITOR 265, 521, 521
BITAND 0, 266, 266
BITAND 1, 522, 522
BITOR 266, 522, 522
BITAND 0, 267, 267
BITAND 1, 523, 523
BITOR 267, 523, 523
#EXEBLOCK19:
//1245188
LD 2, 0, 2
LD 3, 0, 3
LD 280, 0, 32
LD 281, 0, 33
LD 282, 0, 34
LD 283, 0, 35
LD 284, 0, 36
LD 285, 0, 37
LD 286, 0, 38
LD 287, 0, 39
LD 288, 0, 40
LD 289, 0, 41
LD 290, 0, 42
LD 291, 0, 43
LD 536, 0, 44
LD 537, 0, 45
LD 538, 0, 46
LD 539, 0, 47
LD 540, 0, 48
LD 541, 0, 49
LD 542, 0, 50
LD 543, 0, 51
LD 544, 0, 52
LD 545, 0, 53
LD 546, 0, 54
LD 547, 0, 55
BITAND 2, 280, 280
BITAND 3, 536, 536
BITOR 280, 536, 536
BITAND 2, 281, 281
BITAND 3, 537, 537
BITOR 281, 537, 537
BITAND 2, 282, 282
BITAND 3, 538, 538
BITOR 282, 538, 538
BITAND 2, 283, 283
BITAND 3, 539, 539
BITOR 283, 539, 539
BITAND 2, 284, 284
BITAND 3, 540, 540
BITOR 284, 540, 540
BITAND 2, 285, 285
BITAND 3, 541, 541
BITOR 285, 541, 541
BITAND 2, 286, 286
BITAND 3, 542, 542
BITOR 286, 542, 542
BITAND 2, 287, 287
BITAND 3, 543, 543
BITOR 287, 543, 543
BITAND 2, 288, 288
BITAND 3, 544, 544
BITOR 288, 544, 544
BITAND 2, 289, 289
BITAND 3, 545, 545
BITOR 289, 545, 545
BITAND 2, 290, 290
BITAND 3, 546, 546
BITOR 290, 546, 546
BITAND 2, 291, 291
BITAND 3, 547, 547
BITOR 291, 547, 547
#EXEBLOCK20:
//1310724
LD 4, 0, 4
LD 5, 0, 5
LD 1072, 0, 56
LD 1073, 0, 57
LD 1074, 0, 58
LD 1075, 0, 59
LD 1076, 0, 60
LD 1077, 0, 61
LD 1078, 0, 62
LD 1079, 0, 63
LD 1080, 0, 64
LD 1081, 0, 65
LD 1082, 0, 66
LD 1083, 0, 67
LD 1328, 0, 68
LD 1329, 0, 69
LD 1330, 0, 70
LD 1331, 0, 71
LD 1332, 0, 72
LD 1333, 0, 73
LD 1334, 0, 74
LD 1335, 0, 75
LD 1336, 0, 76
LD 1337, 0, 77
LD 1338, 0, 78
LD 1339, 0, 79
BITAND 4, 1072, 1072
BITAND 5, 1328, 1328
BITOR 1072, 1328, 1328
BITAND 4, 1073, 1073
BITAND 5, 1329, 1329
BITOR 1073, 1329, 1329
BITAND 4, 1074, 1074
BITAND 5, 1330, 1330
BITOR 1074, 1330, 1330
BITAND 4, 1075, 1075
BITAND 5, 1331, 1331
BITOR 1075, 1331, 1331
BITAND 4, 1076, 1076
BITAND 5, 1332, 1332
BITOR 1076, 1332, 1332
BITAND 4, 1077, 1077
BITAND 5, 1333, 1333
BITOR 1077, 1333, 1333
BITAND 4, 1078, 1078
BITAND 5, 1334, 1334
BITOR 1078, 1334, 1334
BITAND 4, 1079, 1079
BITAND 5, 1335, 1335
BITOR 1079, 1335, 1335
BITAND 4, 1080, 1080
BITAND 5, 1336, 1336
BITOR 1080, 1336, 1336
BITAND 4, 1081, 1081
BITAND 5, 1337, 1337
BITOR 1081, 1337, 1337
BITAND 4, 1082, 1082
BITAND 5, 1338, 1338
BITOR 1082, 1338, 1338
BITAND 4, 1083, 1083
BITAND 5, 1339, 1339
BITOR 1083, 1339, 1339
BITOR 1328, 512, 1328
BITOR 1329, 513, 1329
BITOR 1330, 514, 1330
BITOR 1331, 515, 1331
BITOR 1332, 516, 1332
BITOR 1333, 517, 1333
BITOR 1334, 518, 1334
BITOR 1335, 519, 1335
BITOR 1336, 520, 1336
BITOR 1337, 521, 1337
BITOR 1338, 522, 1338
BITOR 1339, 523, 1339
BITOR 1328, 536, 1328
BITOR 1329, 537, 1329
BITOR 1330, 538, 1330
BITOR 1331, 539, 1331
BITOR 1332, 540, 1332
BITOR 1333, 541, 1333
BITOR 1334, 542, 1334
BITOR 1335, 543, 1335
BITOR 1336, 544, 1336
BITOR 1337, 545, 1337
BITOR 1338, 546, 1338
BITOR 1339, 547, 1339
COPY 1328, 340, 7
COPY 1329, 341, 7
COPY 1330, 342, 7
COPY 1331, 343, 7
COPY 1332, 344, 7
COPY 1333, 345, 7
COPY 1334, 346, 7
COPY 1335, 347, 7
COPY 1336, 348, 7
COPY 1337, 349, 7
COPY 1338, 350, 7
COPY 1339, 351, 7
#EXEBLOCK21:
//1376260
LD 0, 0, 0
LD 1, 0, 1
LD 1536, 0, 8
LD 1537, 0, 9
LD 1538, 0, 10
LD 1539, 0, 11
LD 1540, 0, 12
LD 1541, 0, 13
LD 1542, 0, 14
LD 1543, 0, 15
LD 1544, 0, 16
LD 1545, 0, 17
LD 1546, 0, 18
LD 1547, 0, 19
LD 1792, 0, 20
LD 1793, 0, 21
LD 1794, 0, 22
LD 1795, 0, 23
LD 1796, 0, 24
LD 1797, 0, 25
LD 1798, 0, 26
LD 1799, 0, 27
LD 1800, 0, 28
LD 1801, 0, 29
LD 1802, 0, 30
LD 1803, 0, 31
BITAND 0, 1536, 1536
BITAND 1, 1792, 1792
BITOR 1536, 1792, 1792
BITAND 0, 1537, 1537
BITAND 1, 1793, 1793
BITOR 1537, 1793, 1793
BITAND 0, 1538, 1538
BITAND 1, 1794, 1794
BITOR 1538, 1794, 1794
BITAND 0, 1539, 1539
BITAND 1, 1795, 1795
BITOR 1539, 1795, 1795
BITAND 0, 1540, 1540
BITAND 1, 1796, 1796
BITOR 1540, 1796, 1796
BITAND 0, 1541, 1541
BITAND 1, 1797, 1797
BITOR 1541, 1797, 1797
BITAND 0, 1542, 1542
BITAND 1, 1798, 1798
BITOR 1542, 1798, 1798
BITAND 0, 1543, 1543
BITAND 1, 1799, 1799
BITOR 1543, 1799, 1799
BITAND 0, 1544, 1544
BITAND 1, 1800, 1800
BITOR 1544, 1800, 1800
BITAND 0, 1545, 1545
BITAND 1, 1801, 1801
BITOR 1545, 1801, 1801
BITAND 0, 1546, 1546
BITAND 1, 1802, 1802
BITOR 1546, 1802, 1802
BITAND 0, 1547, 1547
BITAND 1, 1803, 1803
BITOR 1547, 1803, 1803
#EXEBLOCK22:
//1441796
LD 2, 0, 2
LD 3, 0, 3
LD 1816, 0, 32
LD 1817, 0, 33
LD 1818, 0, 34
LD 1819, 0, 35
LD 1820, 0, 36
LD 1821, 0, 37
LD 1822, 0, 38
LD 1823, 0, 39
LD 1824, 0, 40
LD 1825, 0, 41
LD 1826, 0, 42
LD 1827, 0, 43
LD 280, 0, 44
LD 281, 0, 45
LD 282, 0, 46
LD 283, 0, 47
LD 284, 0, 48
LD 285, 0, 49
LD 286, 0, 50
LD 287, 0, 51
LD 288, 0, 52
LD 289, 0, 53
LD 290, 0, 54
LD 291, 0, 55
BITAND 2, 1816, 1816
BITAND 3, 280, 280
BITOR 1816, 280, 280
BITAND 2, 1817, 1817
BITAND 3, 281, 281
BITOR 1817, 281, 281
BITAND 2, 1818, 1818
BITAND 3, 282, 282
BITOR 1818, 282, 282
BITAND 2, 1819, 1819
BITAND 3, 283, 283
BITOR 1819, 283, 283
BITAND 2, 1820, 1820
BITAND 3, 284, 284
BITOR 1820, 284, 284
BITAND 2, 1821, 1821
BITAND 3, 285, 285
BITOR 1821, 285, 285
BITAND 2, 1822, 1822
BITAND 3, 286, 286
BITOR 1822, 286, 286
BITAND 2, 1823, 1823
BITAND 3, 287, 287
BITOR 1823, 287, 287
BITAND 2, 1824, 1824
BITAND 3, 288, 288
BITOR 1824, 288, 288
BITAND 2, 1825, 1825
BITAND 3, 289, 289
BITOR 1825, 289, 289
BITAND 2, 1826, 1826
BITAND 3, 290, 290
BITOR 1826, 290, 290
BITAND 2, 1827, 1827
BITAND 3, 291, 291
BITOR 1827, 291, 291
#EXEBLOCK23:
//1507332
LD 4, 0, 4
LD 5, 0, 5
LD 304, 0, 56
LD 305, 0, 57
LD 306, 0, 58
LD 307, 0, 59
LD 308, 0, 60
LD 309, 0, 61
LD 310, 0, 62
LD 311, 0, 63
LD 312, 0, 64
LD 313, 0, 65
LD 314, 0, 66
LD 315, 0, 67
LD 560, 0, 68
LD 561, 0, 69
LD 562, 0, 70
LD 563, 0, 71
LD 564, 0, 72
LD 565, 0, 73
LD 566, 0, 74
LD 567, 0, 75
LD 568, 0, 76
LD 569, 0, 77
LD 570, 0, 78
LD 571, 0, 79
BITAND 4, 304, 304
BITAND 5, 560, 560
BITOR 304, 560, 560
BITAND 4, 305, 305
BITAND 5, 561, 561
BITOR 305, 561, 561
BITAND 4, 306, 306
BITAND 5, 562, 562
BITOR 306, 562, 562
BITAND 4, 307, 307
BITAND 5, 563, 563
BITOR 307, 563, 563
BITAND 4, 308, 308
BITAND 5, 564, 564
BITOR 308, 564, 564
BITAND 4, 309, 309
BITAND 5, 565, 565
BITOR 309, 565, 565
BITAND 4, 310, 310
BITAND 5, 566, 566
BITOR 310, 566, 566
BITAND 4, 311, 311
BITAND 5, 567, 567
BITOR 311, 567, 567
BITAND 4, 312, 312
BITAND 5, 568, 568
BITOR 312, 568, 568
BITAND 4, 313, 313
BITAND 5, 569, 569
BITOR 313, 569, 569
BITAND 4, 314, 314
BITAND 5, 570, 570
BITOR 314, 570, 570
BITAND 4, 315, 315
BITAND 5, 571, 571
BITOR 315, 571, 571
BITOR 560, 316, 560
BITOR 561, 317, 561
BITOR 562, 318, 562
BITOR 563, 319, 563
BITOR 564, 320, 564
BITOR 565, 321, 565
BITOR 566, 322, 566
BITOR 567, 323, 567
BITOR 568, 324, 568
BITOR 569, 325, 569
BITOR 570, 326, 570
BITOR 571, 327, 571
BITOR 560, 328, 560
BITOR 561, 329, 561
BITOR 562, 330, 562
BITOR 563, 331, 563
BITOR 564, 332, 564
BITOR 565, 333, 565
BITOR 566, 334, 566
BITOR 567, 335, 567
BITOR 568, 336, 568
BITOR 569, 337, 569
BITOR 570, 338, 570
BITOR 571, 339, 571
BITOR 560, 340, 560
BITOR 561, 341, 561
BITOR 562, 342, 562
BITOR 563, 343, 563
BITOR 564, 344, 564
BITOR 565, 345, 565
BITOR 566, 346, 566
BITOR 567, 347, 567
BITOR 568, 348, 568
BITOR 569, 349, 569
BITOR 570, 350, 570
BITOR 571, 351, 571
BITOR 560, 1792, 560
BITOR 561, 1793, 561
BITOR 562, 1794, 562
BITOR 563, 1795, 563
BITOR 564, 1796, 564
BITOR 565, 1797, 565
BITOR 566, 1798, 566
BITOR 567, 1799, 567
BITOR 568, 1800, 568
BITOR 569, 1801, 569
BITOR 570, 1802, 570
BITOR 571, 1803, 571
BITOR 560, 280, 560
BITOR 561, 281, 561
BITOR 562, 282, 562
BITOR 563, 283, 563
BITOR 564, 284, 564
BITOR 565, 285, 565
BITOR 566, 286, 566
BITOR 567, 287, 567
BITOR 568, 288, 568
BITOR 569, 289, 569
BITOR 570, 290, 570
BITOR 571, 291, 571
ST 560, 0, 0
ST 561, 0, 1
ST 562, 0, 2
ST 563, 0, 3
ST 564, 0, 4
ST 565, 0, 5
ST 566, 0, 6
ST 567, 0, 7
ST 568, 0, 8
ST 569, 0, 9
ST 570, 0, 10
ST 571, 0, 11
