#EXEBLOCK0:
LD 0, 0, 0
LD 1, 0, 1
LD 2, 0, 2
LD 515, 0, 3
LD 516, 0, 4
LD 517, 0, 5
LD 518, 0, 6
LD 519, 0, 7
LD 520, 0, 8
LD 521, 0, 9
LD 522, 0, 10
LD 523, 0, 11
MUL 0, 517, 517
MUL 1, 516, 516
MUL 2, 515, 515
PREREAD0 515, 0, 0
ADD 515, 516, 516
PREREAD0 516, 0, 0
ADD 516, 517, 517
MUL 0, 520, 520
MUL 1, 519, 519
MUL 2, 518, 518
PREREAD0 518, 0, 0
ADD 518, 519, 519
PREREAD0 519, 0, 0
ADD 519, 520, 520
MUL 0, 523, 523
MUL 1, 522, 522
MUL 2, 521, 521
PREREAD0 521, 0, 0
ADD 521, 522, 522
PREREAD0 522, 0, 0
ADD 522, 523, 523
#EXEBLOCK1:
LD 3, 0, 12
LD 4, 0, 13
LD 5, 0, 14
LD 524, 0, 15
LD 525, 0, 16
LD 526, 0, 17
LD 527, 0, 18
LD 528, 0, 19
LD 529, 0, 20
LD 530, 0, 21
LD 531, 0, 22
LD 532, 0, 23
MUL 3, 526, 526
MUL 4, 525, 525
MUL 5, 524, 524
PREREAD0 524, 0, 0
ADD 524, 525, 525
PREREAD0 525, 0, 0
ADD 525, 526, 526
MUL 3, 529, 529
MUL 4, 528, 528
MUL 5, 527, 527
PREREAD0 527, 0, 0
ADD 527, 528, 528
PREREAD0 528, 0, 0
ADD 528, 529, 529
MUL 3, 532, 532
MUL 4, 531, 531
MUL 5, 530, 530
PREREAD0 530, 0, 0
ADD 530, 531, 531
PREREAD0 531, 0, 0
ADD 531, 532, 532
#EXEBLOCK2:
LD 6, 0, 24
LD 7, 0, 25
LD 8, 0, 26
LD 533, 0, 27
LD 534, 0, 28
LD 535, 0, 29
LD 536, 0, 30
LD 537, 0, 31
LD 538, 0, 32
LD 539, 0, 33
LD 540, 0, 34
LD 541, 0, 35
MUL 6, 535, 535
MUL 7, 534, 534
MUL 8, 533, 533
PREREAD0 533, 0, 0
ADD 533, 534, 534
PREREAD0 534, 0, 0
ADD 534, 535, 535
MUL 6, 538, 538
MUL 7, 537, 537
MUL 8, 536, 536
PREREAD0 536, 0, 0
ADD 536, 537, 537
PREREAD0 537, 0, 0
ADD 537, 538, 538
MUL 6, 541, 541
MUL 7, 540, 540
MUL 8, 539, 539
PREREAD0 539, 0, 0
ADD 539, 540, 540
PREREAD0 540, 0, 0
ADD 540, 541, 541
#EXEBLOCK3:
LD 9, 0, 36
LD 10, 0, 37
LD 11, 0, 38
LD 542, 0, 39
LD 543, 0, 40
LD 544, 0, 41
LD 545, 0, 42
LD 546, 0, 43
LD 547, 0, 44
LD 548, 0, 45
LD 549, 0, 46
LD 550, 0, 47
MUL 9, 544, 544
MUL 10, 543, 543
MUL 11, 542, 542
PREREAD0 542, 0, 0
ADD 542, 543, 543
PREREAD0 543, 0, 0
ADD 543, 544, 544
MUL 9, 547, 547
MUL 10, 546, 546
MUL 11, 545, 545
PREREAD0 545, 0, 0
ADD 545, 546, 546
PREREAD0 546, 0, 0
ADD 546, 547, 547
MUL 9, 550, 550
MUL 10, 549, 549
MUL 11, 548, 548
PREREAD0 548, 0, 0
ADD 548, 549, 549
PREREAD0 549, 0, 0
ADD 549, 550, 550
PREREAD0 544, 0, 0
ADD 544, 517, 544
PREREAD0 547, 0, 0
ADD 547, 520, 547
PREREAD0 550, 0, 0
ADD 550, 523, 550
PREREAD0 544, 0, 0
ADD 544, 526, 544
PREREAD0 547, 0, 0
ADD 547, 529, 547
PREREAD0 550, 0, 0
ADD 550, 532, 550
PREREAD0 544, 0, 0
ADD 544, 535, 544
PREREAD0 547, 0, 0
ADD 547, 538, 547
PREREAD0 550, 0, 0
ADD 550, 541, 550
COPY 544, 21, 7
COPY 547, 22, 7
COPY 550, 23, 7
#EXEBLOCK4:
LD 0, 0, 48
LD 1, 0, 49
LD 2, 0, 50
LD 515, 0, 51
LD 516, 0, 52
LD 517, 0, 53
LD 518, 0, 54
LD 519, 0, 55
LD 520, 0, 56
LD 521, 0, 57
LD 522, 0, 58
LD 523, 0, 59
MUL 0, 517, 517
MUL 1, 516, 516
MUL 2, 515, 515
PREREAD0 515, 0, 0
ADD 515, 516, 516
PREREAD0 516, 0, 0
ADD 516, 517, 517
MUL 0, 520, 520
MUL 1, 519, 519
MUL 2, 518, 518
PREREAD0 518, 0, 0
ADD 518, 519, 519
PREREAD0 519, 0, 0
ADD 519, 520, 520
MUL 0, 523, 523
MUL 1, 522, 522
MUL 2, 521, 521
PREREAD0 521, 0, 0
ADD 521, 522, 522
PREREAD0 522, 0, 0
ADD 522, 523, 523
#EXEBLOCK5:
LD 3, 0, 60
LD 4, 0, 61
LD 5, 0, 62
LD 524, 0, 63
LD 525, 0, 64
LD 526, 0, 65
LD 527, 0, 66
LD 528, 0, 67
LD 529, 0, 68
LD 530, 0, 69
LD 531, 0, 70
LD 532, 0, 71
MUL 3, 526, 526
MUL 4, 525, 525
MUL 5, 524, 524
PREREAD0 524, 0, 0
ADD 524, 525, 525
PREREAD0 525, 0, 0
ADD 525, 526, 526
MUL 3, 529, 529
MUL 4, 528, 528
MUL 5, 527, 527
PREREAD0 527, 0, 0
ADD 527, 528, 528
PREREAD0 528, 0, 0
ADD 528, 529, 529
MUL 3, 532, 532
MUL 4, 531, 531
MUL 5, 530, 530
PREREAD0 530, 0, 0
ADD 530, 531, 531
PREREAD0 531, 0, 0
ADD 531, 532, 532
#EXEBLOCK6:
LD 6, 0, 72
LD 7, 0, 73
LD 8, 0, 74
LD 533, 0, 75
LD 534, 0, 76
LD 535, 0, 77
LD 536, 0, 78
LD 537, 0, 79
LD 538, 0, 80
LD 539, 0, 81
LD 540, 0, 82
LD 541, 0, 83
MUL 6, 535, 535
MUL 7, 534, 534
MUL 8, 533, 533
PREREAD0 533, 0, 0
ADD 533, 534, 534
PREREAD0 534, 0, 0
ADD 534, 535, 535
MUL 6, 538, 538
MUL 7, 537, 537
MUL 8, 536, 536
PREREAD0 536, 0, 0
ADD 536, 537, 537
PREREAD0 537, 0, 0
ADD 537, 538, 538
MUL 6, 541, 541
MUL 7, 540, 540
MUL 8, 539, 539
PREREAD0 539, 0, 0
ADD 539, 540, 540
PREREAD0 540, 0, 0
ADD 540, 541, 541
#EXEBLOCK7:
LD 9, 0, 84
LD 10, 0, 85
LD 11, 0, 86
LD 542, 0, 87
LD 543, 0, 88
LD 544, 0, 89
LD 545, 0, 90
LD 546, 0, 91
LD 547, 0, 92
LD 548, 0, 93
LD 549, 0, 94
LD 550, 0, 95
MUL 9, 544, 544
MUL 10, 543, 543
MUL 11, 542, 542
PREREAD0 542, 0, 0
ADD 542, 543, 543
PREREAD0 543, 0, 0
ADD 543, 544, 544
MUL 9, 547, 547
MUL 10, 546, 546
MUL 11, 545, 545
PREREAD0 545, 0, 0
ADD 545, 546, 546
PREREAD0 546, 0, 0
ADD 546, 547, 547
MUL 9, 550, 550
MUL 10, 549, 549
MUL 11, 548, 548
PREREAD0 548, 0, 0
ADD 548, 549, 549
PREREAD0 549, 0, 0
ADD 549, 550, 550
ADD 544, 21, 544
ADD 547, 22, 547
ADD 550, 23, 550
PREREAD0 544, 0, 0
ADD 544, 517, 544
PREREAD0 547, 0, 0
ADD 547, 520, 547
PREREAD0 550, 0, 0
ADD 550, 523, 550
PREREAD0 544, 0, 0
ADD 544, 526, 544
PREREAD0 547, 0, 0
ADD 547, 529, 547
PREREAD0 550, 0, 0
ADD 550, 532, 550
PREREAD0 544, 0, 0
ADD 544, 535, 544
PREREAD0 547, 0, 0
ADD 547, 538, 547
PREREAD0 550, 0, 0
ADD 550, 541, 550
ST 544, 0, 0
ST 547, 0, 1
ST 550, 0, 2
