00000000000000000000001100010111
00000000100000110000000001100111
00100000000000000000010100110111
00000000000001010000010100010011
00110000000000000000010110110111
00000000000001011000010110010011
00000000000101101110001010110111
00110110000000101000001010010011
00000000000001010010000000100011
00000000000100000000000010010011
00000000000101010010001000100011
00000000000100000000000010010011
00000000000101010010010000100011
00000000000001010010011000100011
00000000000001010010100000100011
00000000000001010010101000100011
00000000000001010010110000100011
00000000011100000000000010010011
00000000000101011010000000100011
00000000011000000000000010010011
00000000000101011010001000100011
00000000100100000000000010010011
00000000000101011010010000100011
00000000000100000000000010010011
00000000000101011010011000100011
00000000011100000000000010010011
00000000000101011010100000100011
00001111111100000000000010010011
00000000000101011010101000100011
00000000010100001000000010110011
00000000000101011010110000100011
00000000010100001000000010110011
00000000000101011010111000100011
00000000010100001000000010110011
00000010000101011010000000100011
00000000010100001000000010110011
00000010000101011010001000100011
00000000010100001000000010110011
00000010000101011010010000100011
00000000010100001000000010110011
00000010000101011010011000100011
00000000010100001000000010110011
00000010000101011010100000100011
00000000000000000000000010010011
00000010000101011010101000100011
00000000010000000000000010010011
00000010000101011010110000100011
00001111111100000000000010010011
00000010000101011010111000100011
00001111111100000000000010010011
00000100000101011010000000100011
00000000101101110010000010110111
10110000000000001000000010010011
00000100000101011010001000100011
00000000001000000000110110010011
00000000000000000000110100010011
00000000000000000000110010010011
00000100000000000000110000010011
00000000000000000000101110010011
00000000000000000000101100010011
00000000000000000000101010010011
00000000000000000000101000010011
00000000000000000000100010010011
00000000000000000011001100110111
00000000000000110000001100010011
00000000000000000010111000110111
00000000000011100000111000010011
00000010000000000000010110010011
00000000000100000000001110010011
00000000011100110010000000100011
00000000011111100010000000100011
00000000010000110000001100010011
00000000010011100000111000010011
11111111111101011000010110010011
00000000000000000000001110010011
11111110000001011001010011100011
00000000000000000000101000010011
00000000000100000000010100010011
00011001000100000000000011101111
10000000000000000000000110110111
11111111000000011000000110010011
00000000000000000000000000010011
00000000000000000000000000010011
11111111000000000000000110010011
00000000000000000000000000010011
00000000000010100000010110010011
00000000000000000000101100010011
00000000000001011000110001100011
00000000100000000000011000110111
00000000000001100000011000010011
00000000110010110000101100110011
11111111111101011000010110010011
11111110110111111111000001101111
00010000000000000000010100110111
00000000000001010000010100010011
00000000000010100000010110010011
00000000000001011000100001100011
00000000010001010000010100010011
11111111111101011000010110010011
11111111010111111111000001101111
00000000000100000000010110010011
00000000101101010010000000100011
00000000000000000001010100110111
11011111100001010000010100010011
00000000000000000001010110110111
11100011110001011000010110010011
11100000000000000000011000110111
00000000000001100000011000010011
00000001011001100000011000110011
00000000100100000000011010010011
00010010000100000000000011101111
00000000000000000001010100110111
11011011000001010000010100010011
00000000000000000001010110110111
11011111010001011000010110010011
11100000000000000000011000110111
00000000000001100000011000010011
00000001011001100000011000110011
00000000100100000000011010010011
00001111110100000000000011101111
00000000000000000001010100110111
11010110100001010000010100010011
00000000000000000001010110110111
11011010110001011000010110010011
11100000000000000000011000110111
00000000000001100000011000010011
00000001011001100000011000110011
00000000100100000000011010010011
00001101100100000000000011101111
00000000000000000001010100110111
11010010000001010000010100010011
00000000000000000001010110110111
11010110010001011000010110010011
11100000000000000000011000110111
00000000000001100000011000010011
00000001011001100000011000110011
00000000100100000000011010010011
00001011010100000000000011101111
00000000000000000001010100110111
11001101100001010000010100010011
00000000000000000001010110110111
11010001110001011000010110010011
11100000000000000000011000110111
00000000000001100000011000010011
00000001011001100000011000110011
00000000100100000000011010010011
00001001000100000000000011101111
00000000000000000001010100110111
11001001000001010000010100010011
00000000000000000001010110110111
11001101010001011000010110010011
11100000000000000000011000110111
00000000000001100000011000010011
00000001011001100000011000110011
00000000100100000000011010010011
00000110110100000000000011101111
00000000000000000001010100110111
11000100100001010000010100010011
00000000000000000001010110110111
11001000110001011000010110010011
11100000000000000000011000110111
00000000000001100000011000010011
00000001011001100000011000110011
00000000100100000000011010010011
00000100100100000000000011101111
00000000000000000001010100110111
11000000000001010000010100010011
00000000000000000001010110110111
11000100010001011000010110010011
11100000000000000000011000110111
00000000000001100000011000010011
00000001011001100000011000110011
00000000100100000000011010010011
00000010010100000000000011101111
00000000000110111000101110010011
00000000000110100000101000010011
00000000000100000000010100010011
11100110101010100001100011100011
00000000000000000000101000010011
00000000000000000000101100010011
00000000000010100000010110010011
00000000000000000000101100010011
00000000000001011000110001100011
00000000100000000000011000110111
00000000000001100000011000010011
00000000110010110000101100110011
11111111111101011000010110010011
11111110110111111111000001101111
11100000000000000000001010110111
00000000000000101000001010010011
00000001011000101000001010110011
00000000000000010000011000110111
11111111111101100000011000010011
00000000000000101010001100000011
11111110110000110001111011100011
11100000000000000000001110110111
00001000000000111000001110010011
00000001011000111000001110110011
00000001000000000000011010010011
00000000000000111010001100000011
11111110110100110001111011100011
00010000000000000000010100110111
00000000000001010000010100010011
00000000000010100000010110010011
00000000000001011000100001100011
00000000010001010000010100010011
11111111111101011000010110010011
11111111010111111111000001101111
00000000000000000000010110010011
00000000101101010010000000100011
11110000000000100000001100110111
01000010100000110000001100010011
11110000000000100000010110110111
01000010100001011000010110010011
00000000000000000010111000110111
00000000000011100000111000010011
00000000000000000011111010110111
00000000000011101000111010010011
00000000010000000000011010010011
00000000000100000000011100010011
00000001010101110001011001100011
00000000000100000000011100010011
00000000100000000000000001101111
00000000000000000000011100010011
01010110110000000000000011101111
11110000000001100000001100110111
01000010100000110000001100010011
11110000000001100000010110110111
01000010100001011000010110010011
00000000000000000010111000110111
00000001000011100000111000010011
00000000000000000011111010110111
00000001000011101000111010010011
00000000010000000000011010010011
00000000000100000000011100010011
00000001010101110001011001100011
00000000000100000000011100010011
00000000100000000000000001101111
00000000000000000000011100010011
01010011000000000000000011101111
11110000000010100000001100110111
01000010100000110000001100010011
11110000000010100000010110110111
01000010100001011000010110010011
00000000000000000010111000110111
00000010000011100000111000010011
00000000000000000011111010110111
00000010000011101000111010010011
00000000010000000000011010010011
00000000000100000000011100010011
00000001010101110001011001100011
00000000000100000000011100010011
00000000100000000000000001101111
00000000000000000000011100010011
01001111010000000000000011101111
11110000000011100000001100110111
01000010100000110000001100010011
11110000000011100000010110110111
01000010100001011000010110010011
00000000000000000010111000110111
00000011000011100000111000010011
00000000000000000011111010110111
00000011000011101000111010010011
00000000010000000000011010010011
00000000000100000000011100010011
00000001010101110001011001100011
00000000000100000000011100010011
00000000100000000000000001101111
00000000000000000000011100010011
01001011100000000000000011101111
00000000000111001000110010010011
00000000000110100000101000010011
00000000000110001000100010010011
00000000000100000000010100010011
11101000101010100001010011100011
00000000000000000000101000010011
00000000000000000000101100010011
00000000000000000000101000010011
00000000000000000000101100010011
00000000000010100000010110010011
00000000000000000000101100010011
00000000000001011000110001100011
00000000100000000000011000110111
00000000000001100000011000010011
00000000110010110000101100110011
11111111111101011000010110010011
11111110110111111111000001101111
00000000001000000000010100010011
00000000101010111000010001100011
00000000000100000000010100010011
01100100000000000000000011101111
10000000000000000000000110110111
11111111000000011000000110010011
00000000000000000000000000010011
00000000000000000000000000010011
00000000001000000000010100010011
00000000101011001001011001100011
00000000000000000000110010010011
00000000000110101000101010010011
00000000010000000000010100010011
00010000101010001100001001100011
00000000000000000010010100110111
00000000000001010000010100010011
00000000000000000010010110110111
00000001110001011000010110010011
11110000000000000000011000110111
01000000000001100000011000010011
00000001011001100000011000110011
01011001110000000000000011101111
00000000000000000010010100110111
00000010000001010000010100010011
00000000000000000010010110110111
00000011110001011000010110010011
11110000000000100000011000110111
01000000000001100000011000010011
00000001011001100000011000110011
01010111110000000000000011101111
00000000000000000010010100110111
00000000000001010000010100010011
00000000000000000010010110110111
00000001110001011000010110010011
11110000000001000000011000110111
01000000000001100000011000010011
00000001011001100000011000110011
01010101110000000000000011101111
00000000000000000010010100110111
00000010000001010000010100010011
00000000000000000010010110110111
00000011110001011000010110010011
11110000000001100000011000110111
01000000000001100000011000010011
00000001011001100000011000110011
01010011110000000000000011101111
00000000000000000010010100110111
00000000000001010000010100010011
00000000000000000010010110110111
00000001110001011000010110010011
11110000000010000000011000110111
01000000000001100000011000010011
00000001011001100000011000110011
01010001110000000000000011101111
00000000000000000010010100110111
00000010000001010000010100010011
00000000000000000010010110110111
00000011110001011000010110010011
11110000000010100000011000110111
01000000000001100000011000010011
00000001011001100000011000110011
01001111110000000000000011101111
00000000000000000010010100110111
00000000000001010000010100010011
00000000000000000010010110110111
00000001110001011000010110010011
11110000000011000000011000110111
01000000000001100000011000010011
00000001011001100000011000110011
01001101110000000000000011101111
00000000000000000010010100110111
00000010000001010000010100010011
00000000000000000010010110110111
00000011110001011000010110010011
11110000000011100000011000110111
01000000000001100000011000010011
00000001011001100000011000110011
01001011110000000000000011101111
11100000000000000000010100110111
00000111110001010000010100010011
00000001011001010000010100110011
00000000000100000000010110010011
00000000101101010010000000100011
00000000000000000000010110010011
00000000101101010010000000100011
00010000000000000000010100110111
00000000000001010000010100010011
00000000000010100000010110010011
00000000000001011000100001100011
00000000010001010000010100010011
11111111111101011000010110010011
11111111010111111111000001101111
00000000000100000000010110010011
00000000101101010010000000100011
00000000000000000001010100110111
11011111100001010000010100010011
00000000000000000001010110110111
11100011110001011000010110010011
11100000000000000000011000110111
00000000000001100000011000010011
00000001011001100000011000110011
00000000100100000000011010010011
01001100010000000000000011101111
00000000000000000001010100110111
11011011000001010000010100010011
00000000000000000001010110110111
11011111010001011000010110010011
11100000000000000000011000110111
00000000000001100000011000010011
00000001011001100000011000110011
00000000100100000000011010010011
01001010000000000000000011101111
00000000000000000001010100110111
11010110100001010000010100010011
00000000000000000001010110110111
11011010110001011000010110010011
11100000000000000000011000110111
00000000000001100000011000010011
00000001011001100000011000110011
00000000100100000000011010010011
01000111110000000000000011101111
00000000000000000001010100110111
11010010000001010000010100010011
00000000000000000001010110110111
11010110010001011000010110010011
11100000000000000000011000110111
00000000000001100000011000010011
00000001011001100000011000110011
00000000100100000000011010010011
01000101100000000000000011101111
00000000000000000001010100110111
11001101100001010000010100010011
00000000000000000001010110110111
11010001110001011000010110010011
11100000000000000000011000110111
00000000000001100000011000010011
00000001011001100000011000110011
00000000100100000000011010010011
01000011010000000000000011101111
00000000000000000001010100110111
11001001000001010000010100010011
00000000000000000001010110110111
11001101010001011000010110010011
11100000000000000000011000110111
00000000000001100000011000010011
00000001011001100000011000110011
00000000100100000000011010010011
01000001000000000000000011101111
00000000000000000001010100110111
11000100100001010000010100010011
00000000000000000001010110110111
11001000110001011000010110010011
11100000000000000000011000110111
00000000000001100000011000010011
00000001011001100000011000110011
00000000100100000000011010010011
00111110110000000000000011101111
00000000000000000001010100110111
11000000000001010000010100010011
00000000000000000001010110110111
11000100010001011000010110010011
11100000000000000000011000110111
00000000000001100000011000010011
00000001011001100000011000110011
00000000100100000000011010010011
00111100100000000000000011101111
00000000000110111000101110010011
00000000000110100000101000010011
00000000000100000000010100010011
11010010101010100001111011100011
00000000000000000000101000010011
00000000000000000000101100010011
00000000000010100000010110010011
00000000000000000000101100010011
00000000000001011000110001100011
00000000100000000000011000110111
00000000000001100000011000010011
00000000110010110000101100110011
11111111111101011000010110010011
11111110110111111111000001101111
11100000000000000000001010110111
00000000000000101000001010010011
00000001011000101000001010110011
00000000000000010000011000110111
11111111111101100000011000010011
00000000000000101010001100000011
11111110110000110001111011100011
11100000000000000000001110110111
00001000000000111000001110010011
00000001011000111000001110110011
00000001000000000000011010010011
00000000000000111010001100000011
11111110110100110001111011100011
00010000000000000000010100110111
00000000000001010000010100010011
00000000000010100000010110010011
00000000000001011000100001100011
00000000010001010000010100010011
11111111111101011000010110010011
11111111010111111111000001101111
00000000000000000000010110010011
00000000101101010010000000100011
11110000000000100000001100110111
01000010100000110000001100010011
11110000000000100000010110110111
01000010100001011000010110010011
00000000000000000010111000110111
00000000000011100000111000010011
00000000000000000011111010110111
00000000000011101000111010010011
00000000010000000000011010010011
00000000000100000000011100010011
00000001010101110001011001100011
00000000000100000000011100010011
00000000100000000000000001101111
00000000000000000000011100010011
00010001000000000000000011101111
11110000000001100000001100110111
01000010100000110000001100010011
11110000000001100000010110110111
01000010100001011000010110010011
00000000000000000010111000110111
00000001000011100000111000010011
00000000000000000011111010110111
00000001000011101000111010010011
00000000010000000000011010010011
00000000000100000000011100010011
00000001010101110001011001100011
00000000000100000000011100010011
00000000100000000000000001101111
00000000000000000000011100010011
00001101010000000000000011101111
11110000000010100000001100110111
01000010100000110000001100010011
11110000000010100000010110110111
01000010100001011000010110010011
00000000000000000010111000110111
00000010000011100000111000010011
00000000000000000011111010110111
00000010000011101000111010010011
00000000010000000000011010010011
00000000000100000000011100010011
00000001010101110001011001100011
00000000000100000000011100010011
00000000100000000000000001101111
00000000000000000000011100010011
00001001100000000000000011101111
11110000000011100000001100110111
01000010100000110000001100010011
11110000000011100000010110110111
01000010100001011000010110010011
00000000000000000010111000110111
00000011000011100000111000010011
00000000000000000011111010110111
00000011000011101000111010010011
00000000010000000000011010010011
00000000000100000000011100010011
00000001010101110001011001100011
00000000000100000000011100010011
00000000100000000000000001101111
00000000000000000000011100010011
00000101110000000000000011101111
00000000000111001000110010010011
00000000000110100000101000010011
00000000000110001000100010010011
00000000000100000000010100010011
11101000101010100001010011100011
00000000000000000000101000010011
00000000000000000000101100010011
00000000010000000000010100010011
10111010101010111001000011100011
00000000000011010000111001100011
00000000000000000000110100010011
00000000000111011000110110010011
00000000000000000000101110010011
00000000000000000000101010010011
00000000000000000000110010010011
10111000010111111111000001101111
00000000111100000000010100010011
00011111000000000000000011101111
00000000000000000000000000010011
00000000111100000000010100010011
00000000000000000000010110010011
00000000101101010010000000100011
11111111111100000000011000010011
00000001011000110000001100110011
00000001011001011000010110110011
00000000000011001000010000010011
00000000000001000000101001100011
00000001100011100000111000110011
00000001100011101000111010110011
11111111111101000000010000010011
11111111000111111111000001101111
00000000000000110010010000000011
00000000000000110010010010000011
00000000000000110010100100000011
00000000000000110010100110000011
11111111111101101000011010010011
00001100000001101000100001100011
00000000000101101000011010010011
11111111111001101000011010010011
00001000000001101000011001100011
00000000001001101000011010010011
11111111110101101000011010010011
00000100000001101000010001100011
00000000001101101000011010010011
11111111110001101000011010010011
00000000000001101000001001100011
00000000110011101010111100000011
00000001111000000011111100110011
00000000000111110100111100010011
00000001111010011111100110110011
00000000110011100010010100000011
00000001001101010110010100110011
00000000000001110000101001100011
00000000110011101010111100000011
00000001111000000011111100110011
00000001111001010110010100110011
00000000101011100010011000100011
00000000000010011000011001100011
00000001101111101010011000100011
00000000000100000000110100010011
00000000100011101010111100000011
00000001111000000011111100110011
00000000000111110100111100010011
00000001111010010111100100110011
00000000100011100010010100000011
00000001001001010110010100110011
00000000000001110000101001100011
00000000100011101010111100000011
00000001111000000011111100110011
00000001111001010110010100110011
00000000101011100010010000100011
00000000000010010000011001100011
00000001101111101010010000100011
00000000000100000000110100010011
00000000010011101010111100000011
00000001111000000011111100110011
00000000000111110100111100010011
00000001111001001111010010110011
00000000010011100010010100000011
00000000100101010110010100110011
00000000000001110000101001100011
00000000010011101010111100000011
00000001111000000011111100110011
00000001111001010110010100110011
00000000101011100010001000100011
00000000000001001000011001100011
00000001101111101010001000100011
00000000000100000000110100010011
00000000000011101010111100000011
00000001111000000011111100110011
00000000000111110100111100010011
00000001111001000111010000110011
00000000000011100010010100000011
00000000100001010110010100110011
00000000000001110000101001100011
00000000000011101010111100000011
00000001111000000011111100110011
00000001111001010110010100110011
00000000101011100010000000100011
00000000000001000000011001100011
00000001101111101010000000100011
00000000000100000000110100010011
00000000011001011100110001100011
00000000000001101000101001100011
00000000010000110000001100010011
00000001000011100000111000010011
00000001000011101000111010010011
11101101000111111111000001101111
00000000000000001000000001100111
00000000000001010000001010010011
00000000000001100000001100010011
00000000010101011100110001100011
00000000000000101010001110000011
00000000011100110010000000100011
00000000010000101000001010010011
00000000010000110000001100010011
11111110110111111111000001101111
00000000000000001000000001100111
00000000000001010000001010010011
00000000000001100000001100010011
00000000000000000000111000010011
00000000000010101000010000010011
00000000000001000000100001100011
00000001100011100000111000110011
11111111111101000000010000010011
11111111010111111111000001101111
00000001110000101000001010110011
00000001110001011000010110110011
00000010010101011100100001100011
00000000000000101010001110000011
00000000011100110010000000100011
00000000010000101010001110000011
00000000011100110010000000100011
00000000100000101010001110000011
00000000011100110010000000100011
00000000110000101010001110000011
00000000011100110010000000100011
00000001000000101000001010010011
00000000010000110000001100010011
11111101010111111111000001101111
00000000000000001000000001100111
00000000000000000001001110110111
00110000100000111000001110010011
00000000101000111010000000100011
00000000000000001000000001100111
00000000000001010000001010010011
00000000000001100000001100010011
00000000000001101000111000010011
00000010010101011100010001100011
00000000000000101010001110000011
00000000011100110010000000100011
00000000010000101000001010010011
00000000010000110000001100010011
11111111111111100000111000010011
00000000000011100001011001100011
00000000000001100000001100010011
00000000000001101000111000010011
11111101110111111111000001101111
00000000000000001000000001100111

@300
00000000000000000000000000000000
00000001010000000000000000110000
00001100000000110000000001010000
00000011000000001100000000110000
00000000000000000000000000000100
00000000000000000000011111111111
00000000000000000000000000000000
00000000000000000000010000000000
00000000000000000000010000101000


@309
01010000000000000000000000000000
00010001010001000000000100111000
01001101000100110100010001010000
00010011100001001110000100111000
00000000000000010000000000000100
00000000000000000000011111111111
00000000000000000000000000000001
00000000000000000000010000000000
00000000000000000000010000101000


@312
00000000000000000000000000000000
01000001010000000000000000110000
00001100000000110000000001010000
00000011000000001100000000110000
00000000000000100000000000000100
00000000000000000000011111111111
00000000000000000000000000000010
00000000000000100000010000000000
00000000000000100000010000101000


@31b
01010000000000000000000000000000
01010001010001000000000100111100
01001110000100111000010001010000
00010011110001001110000100111000
00000000000000110000000000000100
00000000000000000010000100000100
00000000000000000000000000000011
00000000000000100000010000000000
00000000000000100000010000101000


@324
00000000000000000000000000000000
10000001010000000000000000110000
00001100000000110000000001010000
00000011000000001100000000110000
00000000000001000000000000000100
00000000000000000000011111111111
00000000000000000000000000000100
00000000000001000000010000000000
00000000000001000000010000101000


@32d
01010000000000000000000000000000
10010001010001000000000100111000
01001101000100110100010001010000
00010011100001001110000100111000
00000000000001010000000000000100
00000000000000000000011111111111
00000000000000000000000000000101
00000000000001000000010000000000
00000000000001000000010000101000


@336
00000000000000000000000000000000
11000001010000000000000000110000
00001100000000110000000001010000
00000011000000001100000000110000
00000000000001100000000000000100
00000000000000000000011111111111
00000000000000000000000000000110
00000000000001100000010000000000
00000000000001100000010000101000


@33f
01010000000000000000000000000000
11010001010001000000000100111100
01001110000100111000010001010000
00010011110001001110000100111000
00000000000001110000000000000100
00000000000000000010000100001000
00000000000000000000000000000111
00000000000001100000010000000000
00000000000001100000010000101000


@348
00000000000000000000000000000000
00000001010000000000000000110000
00001100000000110000000001010001
00000011000000001100000000110000
00000000000010000000000000000100
00000000000000000000011111111111
00000000000000000000000000001000
00000000000010000000010000000000
00000000000010000000010000101000


@351
01010000000000000000000000000000
00010001010001000000000100111100
01001110000100111000010001010001
00010011110001001111000100111100
00000000000010010000000000000100
00000000000000000000011111111111
00000000000000000000000000001001
00000000000010000000010000000000
00000000000010000000010000101000


@35a
00000000000000000000000000000000
01000001010000000000000000110000
00001100000000110000000001010001
00000011000000001100000000110000
00000000000010100000000000000100
00000000000000000000011111111111
00000000000000000000000000001010
00000000000010100000010000000000
00000000000010100000010000101000


@363
01010000000000000000000000000000
01010001010001000000000101000000
01001111000100111100010001010001
00010100000001001111000100111100
00000000000010110000000000000100
00000000000000000010000100010000
00000000000000000000000000001011
00000000000010100000010000000000
00000000000010100000010000101000


@36c
00000000000000000000000000000000
10000001010000000000000000110000
00001100000000110000000001010001
00000011000000001100000000110000
00000000000011000000000000000100
00000000000000000000011111111111
00000000000000000000000000001100
00000000000011000000010000000000
00000000000011000000010000101000


@375
01010000000000000000000000000000
10010001010001000000000100111000
01001101000100110100010001010001
00010011100001001110000100111000
00000000000011010000000000000100
00000000000000000000011111111111
00000000000000000000000000001101
00000000000011000000010000000000
00000000000011000000010000101000


@37e
00000000000000000000000000000000
11000001010000000000000000110000
00001100000000110000000001010001
00000011000000001100000000110000
00000000000011100000000000000100
00000000000000000000011111111111
00000000000000000000000000001110
00000000000011100000010000000000
00000000000011100000010000101000


@387
01010000000000000000000000000000
11010001010001000000000101000000
01001111000100111100010001010001
00010100000001001111000100111100
00000000000011110000000000000100
00000000000000000010000100011000
00000000000000000000000000001111
00000000000011100000010000000000
00000000000011100000010000101000


