00000000000000000000000000000000
1010000000000000
00000000000000000000100000000000
1010000000000010
00000000000000000001000000000000
1010000000000100
00000000000000000001100000000000
1010000000000110
00000000000000000100000000000000
1010101000000000
00000000000000000100100000000000
1010101000000010
00000000000000000101000000000000
1010101000000100
00000000000000000101100000000000
1010101000000110
00000000000000000110000000000000
1010110000000000
00000000000000000110100000000000
1010110000000010
00000000000000000111000000000000
1010110000000100
00000000000000000111100000000000
1010110000000110
00000000000000001000000000000000
1010111000000000
00000000000000001000100000000000
1010111000000010
00000000000000001001000000000000
1010111000000100
00000000000000001001100000000000
1010111000000110
00000000000000001010000000000000
1010001000000000
00000000000000001010100000000000
1010001000000010
00000000000000001011000000000000
1010001000000100
00000000000000001011100000000000
1010001000000110
01000000001010000000000000000000
0101000000000001
10000000001100000000000000000000
0101000000000011
11000000001110000000000000000000
0101000000000101
01000000000010000000000000000000
0101000000000110
10000000001100000000000000000000
0110101000000001
11000000001110000000000000000000
0110110000000001
01000000000010000000000000000000
0110111000000000
01000000011010000000100000000000
0101000000000001
10000000011100000000100000000000
0101000000000011
11000000011110000000100000000000
0101000000000101
01000000010010000000100000000000
0101000000000110
10000000011100000000100000000000
0110101000000011
11000000011110000000100000000000
0110110000000011
01000000010010000000100000000000
0110111000000010
01000000101010000001000000000000
0101000000000001
10000000101100000001000000000000
0101000000000011
11000000101110000001000000000000
0101000000000101
01000000100010000001000000000000
0101000000000110
10000000101100000001000000000000
0110101000000101
11000000101110000001000000000000
0110110000000101
01000000100010000001000000000000
0110111000000100
01000000111010000001100000000000
0101000000000001
10000000111100000001100000000000
0101000000000011
11000000111110000001100000000000
0101000000000101
01000000110010000001100000000000
0101000000000110
10000000111100000001100000000000
0110101000000111
11000000111110000001100000000000
0110110000000111
01000000110010000001100000000000
0110111000000110
00000000000000000010000000000000
1010000000001000
00000000000000000010100000000000
1010000000001010
00000000000000000011000000000000
1010000000001100
00000000000000000011100000000000
1010000000001110
00000000000000001100000000000000
1010100000100000
00000000000000001100100000000000
1010100000100010
00000000000000001101000000000000
1010100000100100
00000000000000001101100000000000
1010100000100110
00000000000000001110000000000000
1010101000100000
00000000000000001110100000000000
1010101000100010
00000000000000001111000000000000
1010101000100100
00000000000000001111100000000000
1010101000100110
00000000000000010000000000000000
1010110000100000
00000000000000010000100000000000
1010110000100010
00000000000000010001000000000000
1010110000100100
00000000000000010001100000000000
1010110000100110
00000000000000010010000000000000
1010111000100000
00000000000000010010100000000000
1010111000100010
00000000000000010011000000000000
1010111000100100
00000000000000010011100000000000
1010111000100110
00000100001000001000000000000000
0101000000001001
01000100001010001000000000000000
0101000000001011
10000100001100001000000000000000
0101000000001101
11000100001110001000000000000000
0101000000001111
01000100001010001000000000000000
0110100000100001
10000100001100001000000000000000
0110101000100001
11000100001110001000000000000000
0110110000100001
00000100011000001000100000000000
0101000000001001
01000100011010001000100000000000
0101000000001011
10000100011100001000100000000000
0101000000001101
11000100011110001000100000000000
0101000000001111
01000100011010001000100000000000
0110100000100011
10000100011100001000100000000000
0110101000100011
11000100011110001000100000000000
0110110000100011
00000100101000001001000000000000
0101000000001001
01000100101010001001000000000000
0101000000001011
10000100101100001001000000000000
0101000000001101
11000100101110001001000000000000
0101000000001111
01000100101010001001000000000000
0110100000100101
10000100101100001001000000000000
0110101000100101
11000100101110001001000000000000
0110110000100101
00000100111000001001100000000000
0101000000001001
01000100111010001001100000000000
0101000000001011
10000100111100001001100000000000
0101000000001101
11000100111110001001100000000000
0101000000001111
01000100111010001001100000000000
0110100000100111
10000100111100001001100000000000
0110101000100111
11000100111110001001100000000000
0110110000100111
01000000001110001000000000000000
0110111000100000
01000000011110001000100000000000
0110111000100010
01000000101110001001000000000000
0110111000100100
01000000111110001001100000000000
0110111000100110
01000001000000000000100000000000
1011111000100000
01000001010000000000100000000000
1011111000100010
01000001100000000000100000000000
1011111000100100
01000001110000000000100000000000
1011111000100110
00000000000000000000000000000000
1010000000000000
00000000000000000000100000000000
1010000000000010
00000000000000000001000000000000
1010000000000100
00000000000000000001100000000000
1010000000000110
00000000000000000100000000000000
1010001000000000
00000000000000000100100000000000
1010001000000010
00000000000000000101000000000000
1010001000000100
00000000000000000101100000000000
1010001000000110
00000000000000000110000000000000
1010010000000000
00000000000000000110100000000000
1010010000000010
00000000000000000111000000000000
1010010000000100
00000000000000000111100000000000
1010010000000110
00000000000000001000000000000000
1010011000000000
00000000000000001000100000000000
1010011000000010
00000000000000001001000000000000
1010011000000100
00000000000000001001100000000000
1010011000000110
00000000000000001010000000000000
1010100000000000
00000000000000001010100000000000
1010100000000010
00000000000000001011000000000000
1010100000000100
00000000000000001011100000000000
1010100000000110
01000000000010000000000000000000
0101000000000000
10000000000100000000000000000000
0101000000000010
11000000000110000000000000000000
0101000000000100
00000000001000000000000000000000
0101000000000111
10000000000100000000000000000000
0110001000000000
11000000000110000000000000000000
0110010000000000
00000000001000000000000000000000
0110011000000001
01000000010010000000100000000000
0101000000000000
10000000010100000000100000000000
0101000000000010
11000000010110000000100000000000
0101000000000100
00000000011000000000100000000000
0101000000000111
10000000010100000000100000000000
0110001000000010
11000000010110000000100000000000
0110010000000010
00000000011000000000100000000000
0110011000000011
01000000100010000001000000000000
0101000000000000
10000000100100000001000000000000
0101000000000010
11000000100110000001000000000000
0101000000000100
00000000101000000001000000000000
0101000000000111
10000000100100000001000000000000
0110001000000100
11000000100110000001000000000000
0110010000000100
00000000101000000001000000000000
0110011000000101
01000000110010000001100000000000
0101000000000000
10000000110100000001100000000000
0101000000000010
11000000110110000001100000000000
0101000000000100
00000000111000000001100000000000
0101000000000111
10000000110100000001100000000000
0110001000000110
11000000110110000001100000000000
0110010000000110
00000000111000000001100000000000
0110011000000111
00000000000000000010000000000000
1010000000001000
00000000000000000010100000000000
1010000000001010
00000000000000000011000000000000
1010000000001100
00000000000000000011100000000000
1010000000001110
00000000000000001100000000000000
1010100000100000
00000000000000001100100000000000
1010100000100010
00000000000000001101000000000000
1010100000100100
00000000000000001101100000000000
1010100000100110
00000000000000001110000000000000
1010101000100000
00000000000000001110100000000000
1010101000100010
00000000000000001111000000000000
1010101000100100
00000000000000001111100000000000
1010101000100110
00000000000000010000000000000000
1010110000100000
00000000000000010000100000000000
1010110000100010
00000000000000010001000000000000
1010110000100100
00000000000000010001100000000000
1010110000100110
00000000000000010010000000000000
1010111000100000
00000000000000010010100000000000
1010111000100010
00000000000000010011000000000000
1010111000100100
00000000000000010011100000000000
1010111000100110
00000100001000001000000000000000
0101000000001001
01000100001010001000000000000000
0101000000001011
10000100001100001000000000000000
0101000000001101
11000100001110001000000000000000
0101000000001111
01000100001010001000000000000000
0110100000100001
10000100001100001000000000000000
0110101000100001
11000100001110001000000000000000
0110110000100001
00000100011000001000100000000000
0101000000001001
01000100011010001000100000000000
0101000000001011
10000100011100001000100000000000
0101000000001101
11000100011110001000100000000000
0101000000001111
01000100011010001000100000000000
0110100000100011
10000100011100001000100000000000
0110101000100011
11000100011110001000100000000000
0110110000100011
00000100101000001001000000000000
0101000000001001
01000100101010001001000000000000
0101000000001011
10000100101100001001000000000000
0101000000001101
11000100101110001001000000000000
0101000000001111
01000100101010001001000000000000
0110100000100101
10000100101100001001000000000000
0110101000100101
11000100101110001001000000000000
0110110000100101
00000100111000001001100000000000
0101000000001001
01000100111010001001100000000000
0101000000001011
10000100111100001001100000000000
0101000000001101
11000100111110001001100000000000
0101000000001111
01000100111010001001100000000000
0110100000100111
10000100111100001001100000000000
0110101000100111
11000100111110001001100000000000
0110110000100111
01000001001110001000000000000000
0110111000100000
01000001011110001000100000000000
0110111000100010
01000001101110001001000000000000
0110111000100100
01000001111110001001100000000000
0110111000100110
00000000001110001000000000000000
0110111000100001
00000000011110001000100000000000
0110111000100011
00000000101110001001000000000000
0110111000100101
00000000111110001001100000000000
0110111000100111
00000000000000000000000000000000
1100111000100000
00000000000000000000100000000000
1100111000100010
00000000000000000001000000000000
1100111000100100
00000000000000000001100000000000
1100111000100110
00000000000000000000000000000000
1010000000000000
00000000000000000000100000000000
1010000000000010
00000000000000000001000000000000
1010000000000100
00000000000000000001100000000000
1010000000000110
00000000000000000100000000000000
1010101000000000
00000000000000000100100000000000
1010101000000010
00000000000000000101000000000000
1010101000000100
00000000000000000101100000000000
1010101000000110
00000000000000000110000000000000
1010110000000000
00000000000000000110100000000000
1010110000000010
00000000000000000111000000000000
1010110000000100
00000000000000000111100000000000
1010110000000110
00000000000000001000000000000000
1010111000000000
00000000000000001000100000000000
1010111000000010
00000000000000001001000000000000
1010111000000100
00000000000000001001100000000000
1010111000000110
00000000000000001010000000000000
1010001000000000
00000000000000001010100000000000
1010001000000010
00000000000000001011000000000000
1010001000000100
00000000000000001011100000000000
1010001000000110
01000000001010000000000000000000
0101000000000001
10000000001100000000000000000000
0101000000000011
11000000001110000000000000000000
0101000000000101
01000000000010000000000000000000
0101000000000110
10000000001100000000000000000000
0110101000000001
11000000001110000000000000000000
0110110000000001
01000000000010000000000000000000
0110111000000000
01000000011010000000100000000000
0101000000000001
10000000011100000000100000000000
0101000000000011
11000000011110000000100000000000
0101000000000101
01000000010010000000100000000000
0101000000000110
10000000011100000000100000000000
0110101000000011
11000000011110000000100000000000
0110110000000011
01000000010010000000100000000000
0110111000000010
01000000101010000001000000000000
0101000000000001
10000000101100000001000000000000
0101000000000011
11000000101110000001000000000000
0101000000000101
01000000100010000001000000000000
0101000000000110
10000000101100000001000000000000
0110101000000101
11000000101110000001000000000000
0110110000000101
01000000100010000001000000000000
0110111000000100
01000000111010000001100000000000
0101000000000001
10000000111100000001100000000000
0101000000000011
11000000111110000001100000000000
0101000000000101
01000000110010000001100000000000
0101000000000110
10000000111100000001100000000000
0110101000000111
11000000111110000001100000000000
0110110000000111
01000000110010000001100000000000
0110111000000110
00000000000000000010000000000000
1010000000001000
00000000000000000010100000000000
1010000000001010
00000000000000000011000000000000
1010000000001100
00000000000000000011100000000000
1010000000001110
00000000000000001100000000000000
1010110000100000
00000000000000001100100000000000
1010110000100010
00000000000000001101000000000000
1010110000100100
00000000000000001101100000000000
1010110000100110
00000000000000001110000000000000
1010111000100000
00000000000000001110100000000000
1010111000100010
00000000000000001111000000000000
1010111000100100
00000000000000001111100000000000
1010111000100110
00000000000000010000000000000000
1010001000100000
00000000000000010000100000000000
1010001000100010
00000000000000010001000000000000
1010001000100100
00000000000000010001100000000000
1010001000100110
00000000000000010010000000000000
1010010000100000
00000000000000010010100000000000
1010010000100010
00000000000000010011000000000000
1010010000100100
00000000000000010011100000000000
1010010000100110
10000100001100001000000000000000
0101000000001001
11000100001110001000000000000000
0101000000001011
01000100000010001000000000000000
0101000000001100
10000100000100001000000000000000
0101000000001110
11000100001110001000000000000000
0110110000100001
01000100000010001000000000000000
0110111000100000
10000100000100001000000000000000
0110001000100000
10000100011100001000100000000000
0101000000001001
11000100011110001000100000000000
0101000000001011
01000100010010001000100000000000
0101000000001100
10000100010100001000100000000000
0101000000001110
11000100011110001000100000000000
0110110000100011
01000100010010001000100000000000
0110111000100010
10000100010100001000100000000000
0110001000100010
10000100101100001001000000000000
0101000000001001
11000100101110001001000000000000
0101000000001011
01000100100010001001000000000000
0101000000001100
10000100100100001001000000000000
0101000000001110
11000100101110001001000000000000
0110110000100101
01000100100010001001000000000000
0110111000100100
10000100100100001001000000000000
0110001000100100
10000100111100001001100000000000
0101000000001001
11000100111110001001100000000000
0101000000001011
01000100110010001001100000000000
0101000000001100
10000100110100001001100000000000
0101000000001110
11000100111110001001100000000000
0110110000100111
01000100110010001001100000000000
0110111000100110
10000100110100001001100000000000
0110001000100110
01000000000100001000000000000000
0110010000100000
01000000010100001000100000000000
0110010000100010
01000000100100001001000000000000
0110010000100100
01000000110100001001100000000000
0110010000100110
01000010000000000001100000000000
1011010000100000
01000010010000000001100000000000
1011010000100010
01000010100000000001100000000000
1011010000100100
01000010110000000001100000000000
1011010000100110
00000000000000000000000000000000
1010000000000000
00000000000000000000100000000000
1010000000000010
00000000000000000001000000000000
1010000000000100
00000000000000000001100000000000
1010000000000110
00000000000000000100000000000000
1010011000000000
00000000000000000100100000000000
1010011000000010
00000000000000000101000000000000
1010011000000100
00000000000000000101100000000000
1010011000000110
00000000000000000110000000000000
1010100000000000
00000000000000000110100000000000
1010100000000010
00000000000000000111000000000000
1010100000000100
00000000000000000111100000000000
1010100000000110
00000000000000001000000000000000
1010101000000000
00000000000000001000100000000000
1010101000000010
00000000000000001001000000000000
1010101000000100
00000000000000001001100000000000
1010101000000110
00000000000000001010000000000000
1010110000000000
00000000000000001010100000000000
1010110000000010
00000000000000001011000000000000
1010110000000100
00000000000000001011100000000000
1010110000000110
11000000000110000000000000000000
0101000000000000
00000000001000000000000000000000
0101000000000011
01000000001010000000000000000000
0101000000000101
10000000001100000000000000000000
0101000000000111
00000000001000000000000000000000
0110011000000001
01000000001010000000000000000000
0110100000000001
10000000001100000000000000000000
0110101000000001
11000000010110000000100000000000
0101000000000000
00000000011000000000100000000000
0101000000000011
01000000011010000000100000000000
0101000000000101
10000000011100000000100000000000
0101000000000111
00000000011000000000100000000000
0110011000000011
01000000011010000000100000000000
0110100000000011
10000000011100000000100000000000
0110101000000011
11000000100110000001000000000000
0101000000000000
00000000101000000001000000000000
0101000000000011
01000000101010000001000000000000
0101000000000101
10000000101100000001000000000000
0101000000000111
00000000101000000001000000000000
0110011000000101
01000000101010000001000000000000
0110100000000101
10000000101100000001000000000000
0110101000000101
11000000110110000001100000000000
0101000000000000
00000000111000000001100000000000
0101000000000011
01000000111010000001100000000000
0101000000000101
10000000111100000001100000000000
0101000000000111
00000000111000000001100000000000
0110011000000111
01000000111010000001100000000000
0110100000000111
10000000111100000001100000000000
0110101000000111
00000000000000000010000000000000
1010000000001000
00000000000000000010100000000000
1010000000001010
00000000000000000011000000000000
1010000000001100
00000000000000000011100000000000
1010000000001110
00000000000000001100000000000000
1010010000100000
00000000000000001100100000000000
1010010000100010
00000000000000001101000000000000
1010010000100100
00000000000000001101100000000000
1010010000100110
00000000000000001110000000000000
1010011000100000
00000000000000001110100000000000
1010011000100010
00000000000000001111000000000000
1010011000100100
00000000000000001111100000000000
1010011000100110
00000000000000010000000000000000
1010100000100000
00000000000000010000100000000000
1010100000100010
00000000000000010001000000000000
1010100000100100
00000000000000010001100000000000
1010100000100110
00000000000000010010000000000000
1010101000100000
00000000000000010010100000000000
1010101000100010
00000000000000010011000000000000
1010101000100100
00000000000000010011100000000000
1010101000100110
10000100000100001000000000000000
0101000000001000
11000100000110001000000000000000
0101000000001010
00000100001000001000000000000000
0101000000001101
01000100001010001000000000000000
0101000000001111
11000100000110001000000000000000
0110010000100000
00000100001000001000000000000000
0110011000100001
01000100001010001000000000000000
0110100000100001
10000100010100001000100000000000
0101000000001000
11000100010110001000100000000000
0101000000001010
00000100011000001000100000000000
0101000000001101
01000100011010001000100000000000
0101000000001111
11000100010110001000100000000000
0110010000100010
00000100011000001000100000000000
0110011000100011
01000100011010001000100000000000
0110100000100011
10000100100100001001000000000000
0101000000001000
11000100100110001001000000000000
0101000000001010
00000100101000001001000000000000
0101000000001101
01000100101010001001000000000000
0101000000001111
11000100100110001001000000000000
0110010000100100
00000100101000001001000000000000
0110011000100101
01000100101010001001000000000000
0110100000100101
10000100110100001001100000000000
0101000000001000
11000100110110001001100000000000
0101000000001010
00000100111000001001100000000000
0101000000001101
01000100111010001001100000000000
0101000000001111
11000100110110001001100000000000
0110010000100110
00000100111000001001100000000000
0110011000100111
01000100111010001001100000000000
0110100000100111
01000010001010001000000000000000
0110101000100000
01000010011010001000100000000000
0110101000100010
01000010101010001001000000000000
0110101000100100
01000010111010001001100000000000
0110101000100110
10000000001010001000000000000000
0110101000100001
10000000011010001000100000000000
0110101000100011
10000000101010001001000000000000
0110101000100101
10000000111010001001100000000000
0110101000100111
00000000000000000000000000000000
1100101000100000
00000000000000000000100000000000
1100101000100010
00000000000000000001000000000000
1100101000100100
00000000000000000001100000000000
1100101000100110
00000000000000000000000000000000
1010000000000000
00000000000000000000100000000000
1010000000000010
00000000000000000001000000000000
1010000000000100
00000000000000000001100000000000
1010000000000110
00000000000000000100000000000000
1010010000000000
00000000000000000100100000000000
1010010000000010
00000000000000000101000000000000
1010010000000100
00000000000000000101100000000000
1010010000000110
00000000000000000110000000000000
1010011000000000
00000000000000000110100000000000
1010011000000010
00000000000000000111000000000000
1010011000000100
00000000000000000111100000000000
1010011000000110
00000000000000001000000000000000
1010100000000000
00000000000000001000100000000000
1010100000000010
00000000000000001001000000000000
1010100000000100
00000000000000001001100000000000
1010100000000110
00000000000000001010000000000000
1010101000000000
00000000000000001010100000000000
1010101000000010
00000000000000001011000000000000
1010101000000100
00000000000000001011100000000000
1010101000000110
10000000000100000000000000000000
0101000000000000
11000000000110000000000000000000
0101000000000010
00000000001000000000000000000000
0101000000000101
01000000001010000000000000000000
0101000000000111
11000000000110000000000000000000
0110010000000000
00000000001000000000000000000000
0110011000000001
01000000001010000000000000000000
0110100000000001
10000000010100000000100000000000
0101000000000000
11000000010110000000100000000000
0101000000000010
00000000011000000000100000000000
0101000000000101
01000000011010000000100000000000
0101000000000111
11000000010110000000100000000000
0110010000000010
00000000011000000000100000000000
0110011000000011
01000000011010000000100000000000
0110100000000011
10000000100100000001000000000000
0101000000000000
11000000100110000001000000000000
0101000000000010
00000000101000000001000000000000
0101000000000101
01000000101010000001000000000000
0101000000000111
11000000100110000001000000000000
0110010000000100
00000000101000000001000000000000
0110011000000101
01000000101010000001000000000000
0110100000000101
10000000110100000001100000000000
0101000000000000
11000000110110000001100000000000
0101000000000010
00000000111000000001100000000000
0101000000000101
01000000111010000001100000000000
0101000000000111
11000000110110000001100000000000
0110010000000110
00000000111000000001100000000000
0110011000000111
01000000111010000001100000000000
0110100000000111
00000000000000000010000000000000
1010000000001000
00000000000000000010100000000000
1010000000001010
00000000000000000011000000000000
1010000000001100
00000000000000000011100000000000
1010000000001110
00000000000000001100000000000000
1010010000100000
00000000000000001100100000000000
1010010000100010
00000000000000001101000000000000
1010010000100100
00000000000000001101100000000000
1010010000100110
00000000000000001110000000000000
1010011000100000
00000000000000001110100000000000
1010011000100010
00000000000000001111000000000000
1010011000100100
00000000000000001111100000000000
1010011000100110
00000000000000010000000000000000
1010100000100000
00000000000000010000100000000000
1010100000100010
00000000000000010001000000000000
1010100000100100
00000000000000010001100000000000
1010100000100110
00000000000000010010000000000000
1010101000100000
00000000000000010010100000000000
1010101000100010
00000000000000010011000000000000
1010101000100100
00000000000000010011100000000000
1010101000100110
10000100000100001000000000000000
0101000000001000
11000100000110001000000000000000
0101000000001010
00000100001000001000000000000000
0101000000001101
01000100001010001000000000000000
0101000000001111
11000100000110001000000000000000
0110010000100000
00000100001000001000000000000000
0110011000100001
01000100001010001000000000000000
0110100000100001
10000100010100001000100000000000
0101000000001000
11000100010110001000100000000000
0101000000001010
00000100011000001000100000000000
0101000000001101
01000100011010001000100000000000
0101000000001111
11000100010110001000100000000000
0110010000100010
00000100011000001000100000000000
0110011000100011
01000100011010001000100000000000
0110100000100011
10000100100100001001000000000000
0101000000001000
11000100100110001001000000000000
0101000000001010
00000100101000001001000000000000
0101000000001101
01000100101010001001000000000000
0101000000001111
11000100100110001001000000000000
0110010000100100
00000100101000001001000000000000
0110011000100101
01000100101010001001000000000000
0110100000100101
10000100110100001001100000000000
0101000000001000
11000100110110001001100000000000
0101000000001010
00000100111000001001100000000000
0101000000001101
01000100111010001001100000000000
0101000000001111
11000100110110001001100000000000
0110010000100110
00000100111000001001100000000000
0110011000100111
01000100111010001001100000000000
0110100000100111
00000000000000000000000000000000
1000101000100000
01000000001010001000000000000000
0110101000100001
00000000000000000000000000000000
1000101000100010
01000000011010001000100000000000
0110101000100011
00000000000000000000000000000000
1000101000100100
01000000101010001001000000000000
0110101000100101
00000000000000000000000000000000
1000101000100110
01000000111010001001100000000000
0110101000100111
01000100000000000010100000000000
1011101000100000
01000100010000000010100000000000
1011101000100010
01000100100000000010100000000000
1011101000100100
01000100110000000010100000000000
1011101000100110
00000000000000000000000000000000
1010000000000000
00000000000000000000100000000000
1010000000000010
00000000000000000001000000000000
1010000000000100
00000000000000000001100000000000
1010000000000110
00000000000000000100000000000000
1010010000000000
00000000000000000100100000000000
1010010000000010
00000000000000000101000000000000
1010010000000100
00000000000000000101100000000000
1010010000000110
00000000000000000110000000000000
1010011000000000
00000000000000000110100000000000
1010011000000010
00000000000000000111000000000000
1010011000000100
00000000000000000111100000000000
1010011000000110
00000000000000001000000000000000
1010100000000000
00000000000000001000100000000000
1010100000000010
00000000000000001001000000000000
1010100000000100
00000000000000001001100000000000
1010100000000110
00000000000000001010000000000000
1010101000000000
00000000000000001010100000000000
1010101000000010
00000000000000001011000000000000
1010101000000100
00000000000000001011100000000000
1010101000000110
10000000000100000000000000000000
0101000000000000
11000000000110000000000000000000
0101000000000010
00000000001000000000000000000000
0101000000000101
01000000001010000000000000000000
0101000000000111
11000000000110000000000000000000
0110010000000000
00000000001000000000000000000000
0110011000000001
01000000001010000000000000000000
0110100000000001
10000000010100000000100000000000
0101000000000000
11000000010110000000100000000000
0101000000000010
00000000011000000000100000000000
0101000000000101
01000000011010000000100000000000
0101000000000111
11000000010110000000100000000000
0110010000000010
00000000011000000000100000000000
0110011000000011
01000000011010000000100000000000
0110100000000011
10000000100100000001000000000000
0101000000000000
11000000100110000001000000000000
0101000000000010
00000000101000000001000000000000
0101000000000101
01000000101010000001000000000000
0101000000000111
11000000100110000001000000000000
0110010000000100
00000000101000000001000000000000
0110011000000101
01000000101010000001000000000000
0110100000000101
10000000110100000001100000000000
0101000000000000
11000000110110000001100000000000
0101000000000010
00000000111000000001100000000000
0101000000000101
01000000111010000001100000000000
0101000000000111
11000000110110000001100000000000
0110010000000110
00000000111000000001100000000000
0110011000000111
01000000111010000001100000000000
0110100000000111
00000000000000000010000000000000
1010000000001000
00000000000000000010100000000000
1010000000001010
00000000000000000011000000000000
1010000000001100
00000000000000000011100000000000
1010000000001110
00000000000000001100000000000000
1010010000100000
00000000000000001100100000000000
1010010000100010
00000000000000001101000000000000
1010010000100100
00000000000000001101100000000000
1010010000100110
00000000000000001110000000000000
1010011000100000
00000000000000001110100000000000
1010011000100010
00000000000000001111000000000000
1010011000100100
00000000000000001111100000000000
1010011000100110
00000000000000010000000000000000
1010100000100000
00000000000000010000100000000000
1010100000100010
00000000000000010001000000000000
1010100000100100
00000000000000010001100000000000
1010100000100110
00000000000000010010000000000000
1010101000100000
00000000000000010010100000000000
1010101000100010
00000000000000010011000000000000
1010101000100100
00000000000000010011100000000000
1010101000100110
10000100000100001000000000000000
0101000000001000
11000100000110001000000000000000
0101000000001010
00000100001000001000000000000000
0101000000001101
01000100001010001000000000000000
0101000000001111
11000100000110001000000000000000
0110010000100000
00000100001000001000000000000000
0110011000100001
01000100001010001000000000000000
0110100000100001
10000100010100001000100000000000
0101000000001000
11000100010110001000100000000000
0101000000001010
00000100011000001000100000000000
0101000000001101
01000100011010001000100000000000
0101000000001111
11000100010110001000100000000000
0110010000100010
00000100011000001000100000000000
0110011000100011
01000100011010001000100000000000
0110100000100011
10000100100100001001000000000000
0101000000001000
11000100100110001001000000000000
0101000000001010
00000100101000001001000000000000
0101000000001101
01000100101010001001000000000000
0101000000001111
11000100100110001001000000000000
0110010000100100
00000100101000001001000000000000
0110011000100101
01000100101010001001000000000000
0110100000100101
10000100110100001001100000000000
0101000000001000
11000100110110001001100000000000
0101000000001010
00000100111000001001100000000000
0101000000001101
01000100111010001001100000000000
0101000000001111
11000100110110001001100000000000
0110010000100110
00000100111000001001100000000000
0110011000100111
01000100111010001001100000000000
0110100000100111
01000100001010001000000000000000
0110101000100000
01000100011010001000100000000000
0110101000100010
01000100101010001001000000000000
0110101000100100
01000100111010001001100000000000
0110101000100110
00000000000000000000000000000000
1000101000100000
01000000001010001000000000000000
0110101000100001
00000000000000000000000000000000
1000101000100010
01000000011010001000100000000000
0110101000100011
00000000000000000000000000000000
1000101000100100
01000000101010001001000000000000
0110101000100101
00000000000000000000000000000000
1000101000100110
01000000111010001001100000000000
0110101000100111
00000000000000000000000000000000
1100101000100000
00000000000000000000100000000000
1100101000100010
00000000000000000001000000000000
1100101000100100
00000000000000000001100000000000
1100101000100110
00000000000000000000000000000000
1010000000000000
00000000000000000000100000000000
1010000000000010
00000000000000000001000000000000
1010000000000100
00000000000000000001100000000000
1010000000000110
00000000000000000100000000000000
1010011000000000
00000000000000000100100000000000
1010011000000010
00000000000000000101000000000000
1010011000000100
00000000000000000101100000000000
1010011000000110
00000000000000000110000000000000
1010100000000000
00000000000000000110100000000000
1010100000000010
00000000000000000111000000000000
1010100000000100
00000000000000000111100000000000
1010100000000110
00000000000000001000000000000000
1010101000000000
00000000000000001000100000000000
1010101000000010
00000000000000001001000000000000
1010101000000100
00000000000000001001100000000000
1010101000000110
00000000000000001010000000000000
1010110000000000
00000000000000001010100000000000
1010110000000010
00000000000000001011000000000000
1010110000000100
00000000000000001011100000000000
1010110000000110
11000000000110000000000000000000
0101000000000000
00000000001000000000000000000000
0101000000000011
01000000001010000000000000000000
0101000000000101
10000000001100000000000000000000
0101000000000111
00000000001000000000000000000000
0110011000000001
01000000001010000000000000000000
0110100000000001
10000000001100000000000000000000
0110101000000001
11000000010110000000100000000000
0101000000000000
00000000011000000000100000000000
0101000000000011
01000000011010000000100000000000
0101000000000101
10000000011100000000100000000000
0101000000000111
00000000011000000000100000000000
0110011000000011
01000000011010000000100000000000
0110100000000011
10000000011100000000100000000000
0110101000000011
11000000100110000001000000000000
0101000000000000
00000000101000000001000000000000
0101000000000011
01000000101010000001000000000000
0101000000000101
10000000101100000001000000000000
0101000000000111
00000000101000000001000000000000
0110011000000101
01000000101010000001000000000000
0110100000000101
10000000101100000001000000000000
0110101000000101
11000000110110000001100000000000
0101000000000000
00000000111000000001100000000000
0101000000000011
01000000111010000001100000000000
0101000000000101
10000000111100000001100000000000
0101000000000111
00000000111000000001100000000000
0110011000000111
01000000111010000001100000000000
0110100000000111
10000000111100000001100000000000
0110101000000111
00000000000000000010000000000000
1010000000001000
00000000000000000010100000000000
1010000000001010
00000000000000000011000000000000
1010000000001100
00000000000000000011100000000000
1010000000001110
00000000000000001100000000000000
1010101000100000
00000000000000001100100000000000
1010101000100010
00000000000000001101000000000000
1010101000100100
00000000000000001101100000000000
1010101000100110
00000000000000001110000000000000
1010110000100000
00000000000000001110100000000000
1010110000100010
00000000000000001111000000000000
1010110000100100
00000000000000001111100000000000
1010110000100110
00000000000000010000000000000000
1010111000100000
00000000000000010000100000000000
1010111000100010
00000000000000010001000000000000
1010111000100100
00000000000000010001100000000000
1010111000100110
00000000000000010010000000000000
1010001000100000
00000000000000010010100000000000
1010001000100010
00000000000000010011000000000000
1010001000100100
00000000000000010011100000000000
1010001000100110
01000100001010001000000000000000
0101000000001001
10000100001100001000000000000000
0101000000001011
11000100001110001000000000000000
0101000000001101
01000100000010001000000000000000
0101000000001110
10000100001100001000000000000000
0110101000100001
11000100001110001000000000000000
0110110000100001
01000100000010001000000000000000
0110111000100000
01000100011010001000100000000000
0101000000001001
10000100011100001000100000000000
0101000000001011
11000100011110001000100000000000
0101000000001101
01000100010010001000100000000000
0101000000001110
10000100011100001000100000000000
0110101000100011
11000100011110001000100000000000
0110110000100011
01000100010010001000100000000000
0110111000100010
01000100101010001001000000000000
0101000000001001
10000100101100001001000000000000
0101000000001011
11000100101110001001000000000000
0101000000001101
01000100100010001001000000000000
0101000000001110
10000100101100001001000000000000
0110101000100101
11000100101110001001000000000000
0110110000100101
01000100100010001001000000000000
0110111000100100
01000100111010001001100000000000
0101000000001001
10000100111100001001100000000000
0101000000001011
11000100111110001001100000000000
0101000000001101
01000100110010001001100000000000
0101000000001110
10000100111100001001100000000000
0110101000100111
11000100111110001001100000000000
0110110000100111
01000100110010001001100000000000
0110111000100110
10000000000010001000000000000000
0110001000100001
10000000010010001000100000000000
0110001000100011
10000000100010001001000000000000
0110001000100101
10000000110010001001100000000000
0110001000100111
01000110000000000011100000000000
1011001000100000
01000110010000000011100000000000
1011001000100010
01000110100000000011100000000000
1011001000100100
01000110110000000011100000000000
1011001000100110
00000000000000000000000000000000
1010000000000000
00000000000000000000100000000000
1010000000000010
00000000000000000001000000000000
1010000000000100
00000000000000000001100000000000
1010000000000110
00000000000000000100000000000000
1010010000000000
00000000000000000100100000000000
1010010000000010
00000000000000000101000000000000
1010010000000100
00000000000000000101100000000000
1010010000000110
00000000000000000110000000000000
1010011000000000
00000000000000000110100000000000
1010011000000010
00000000000000000111000000000000
1010011000000100
00000000000000000111100000000000
1010011000000110
00000000000000001000000000000000
1010100000000000
00000000000000001000100000000000
1010100000000010
00000000000000001001000000000000
1010100000000100
00000000000000001001100000000000
1010100000000110
00000000000000001010000000000000
1010101000000000
00000000000000001010100000000000
1010101000000010
00000000000000001011000000000000
1010101000000100
00000000000000001011100000000000
1010101000000110
10000000000100000000000000000000
0101000000000000
11000000000110000000000000000000
0101000000000010
00000000001000000000000000000000
0101000000000101
01000000001010000000000000000000
0101000000000111
11000000000110000000000000000000
0110010000000000
00000000001000000000000000000000
0110011000000001
01000000001010000000000000000000
0110100000000001
10000000010100000000100000000000
0101000000000000
11000000010110000000100000000000
0101000000000010
00000000011000000000100000000000
0101000000000101
01000000011010000000100000000000
0101000000000111
11000000010110000000100000000000
0110010000000010
00000000011000000000100000000000
0110011000000011
01000000011010000000100000000000
0110100000000011
10000000100100000001000000000000
0101000000000000
11000000100110000001000000000000
0101000000000010
00000000101000000001000000000000
0101000000000101
01000000101010000001000000000000
0101000000000111
11000000100110000001000000000000
0110010000000100
00000000101000000001000000000000
0110011000000101
01000000101010000001000000000000
0110100000000101
10000000110100000001100000000000
0101000000000000
11000000110110000001100000000000
0101000000000010
00000000111000000001100000000000
0101000000000101
01000000111010000001100000000000
0101000000000111
11000000110110000001100000000000
0110010000000110
00000000111000000001100000000000
0110011000000111
01000000111010000001100000000000
0110100000000111
00000000000000000010000000000000
1010000000001000
00000000000000000010100000000000
1010000000001010
00000000000000000011000000000000
1010000000001100
00000000000000000011100000000000
1010000000001110
00000000000000001100000000000000
1010101000100000
00000000000000001100100000000000
1010101000100010
00000000000000001101000000000000
1010101000100100
00000000000000001101100000000000
1010101000100110
00000000000000001110000000000000
1010110000100000
00000000000000001110100000000000
1010110000100010
00000000000000001111000000000000
1010110000100100
00000000000000001111100000000000
1010110000100110
00000000000000010000000000000000
1010111000100000
00000000000000010000100000000000
1010111000100010
00000000000000010001000000000000
1010111000100100
00000000000000010001100000000000
1010111000100110
00000000000000010010000000000000
1010001000100000
00000000000000010010100000000000
1010001000100010
00000000000000010011000000000000
1010001000100100
00000000000000010011100000000000
1010001000100110
01000100001010001000000000000000
0101000000001001
10000100001100001000000000000000
0101000000001011
11000100001110001000000000000000
0101000000001101
01000100000010001000000000000000
0101000000001110
10000100001100001000000000000000
0110101000100001
11000100001110001000000000000000
0110110000100001
01000100000010001000000000000000
0110111000100000
01000100011010001000100000000000
0101000000001001
10000100011100001000100000000000
0101000000001011
11000100011110001000100000000000
0101000000001101
01000100010010001000100000000000
0101000000001110
10000100011100001000100000000000
0110101000100011
11000100011110001000100000000000
0110110000100011
01000100010010001000100000000000
0110111000100010
01000100101010001001000000000000
0101000000001001
10000100101100001001000000000000
0101000000001011
11000100101110001001000000000000
0101000000001101
01000100100010001001000000000000
0101000000001110
10000100101100001001000000000000
0110101000100101
11000100101110001001000000000000
0110110000100101
01000100100010001001000000000000
0110111000100100
01000100111010001001100000000000
0101000000001001
10000100111100001001100000000000
0101000000001011
11000100111110001001100000000000
0101000000001101
01000100110010001001100000000000
0101000000001110
10000100111100001001100000000000
0110101000100111
11000100111110001001100000000000
0110110000100111
01000100110010001001100000000000
0110111000100110
00000000000000000000000000000000
1000001000100000
01000110000010001000000000000000
0110001000100000
00000000000000000000000000000000
1000001000100010
01000110010010001000100000000000
0110001000100010
00000000000000000000000000000000
1000001000100100
01000110100010001001000000000000
0110001000100100
00000000000000000000000000000000
1000001000100110
01000110110010001001100000000000
0110001000100110
01000000000010001000000000000000
0110001000100001
01000000010010001000100000000000
0110001000100011
01000000100010001001000000000000
0110001000100101
01000000110010001001100000000000
0110001000100111
00000000000000000000000000000000
1100001000100000
00000000000000000000100000000000
1100001000100010
00000000000000000001000000000000
1100001000100100
00000000000000000001100000000000
1100001000100110
00000000000000000000000000000001
00000000000000000000000000000000
00000000000000000000000000000000
00000000000000000000000000000000
00000000000000000000000000000000
00000000000000000000000000000000
00000000000000000000000000000000
00000000000000000000000000000000
00000000000000000000000000000001
00000000000000000000000000000000
00000000000000000000000000000000
00000000000000000000000000000000
00000000000000000000000000000000
00000000000000000000000000000000
00000000000000000000000000000000
00000000000000000000000000000000
00000000000000000000000000000001
00000000000000000000000000000000
00000000000000000000000000000001
00000000000000000000000000000001
00000000000000000000000000000000
00000000000000000000000000000000
00000000000000000000000000000000
00000000000000000000000000000000
00000000000000000000000000000001
00000000000000000000000000000000
00000000000000000000000000000000
00000000000000000000000000000000
00000000000000000000000000000001
00000000000000000000000000000000
00000000000000000000000000000001
00000000000000000000000000000000
00000000000000000000000000000001
00000000000000000000000000000000
00000000000000000000000000000001
00000000000000000000000000000000
00000000000000000000000000000000
00000000000000000000000000000000
00000000000000000000000000000000
00000000000000000000000000000001
00000000000000000000000000000000
00000000000000000000000000000000
00000000000000000000000000000000
00000000000000000000000000000000
00000000000000000000000000000000
00000000000000000000000000000000
00000000000000000000000000000000
00000000000000000000000000000000
00000000000000000000000000000000
00000000000000000000000000000000
00000000000000000000000000000000
00000000000000000000000000000000
00000000000000000000000000000001
00000000000000000000000000000000
00000000000000000000000000000001
00000000000000000000000000000000
00000000000000000000000000000000
00000000000000000000000000000000
00000000000000000000000000000001
00000000000000000000000000000001
00000000000000000000000000000000
00000000000000000000000000000000
00000000000000000000000000000000
00000000000000000000000000000000
00000000000000000000000000000001
00000000000000000000000000000000
00000000000000000000000000000000
00000000000000000000000000000001
00000000000000000000000000000001
00000000000000000000000000000000
00000000000000000000000000000001
00000000000000000000000000000001
00000000000000000000000000000001
00000000000000000000000000000000
00000000000000000000000000000000
00000000000000000000000000000001
00000000000000000000000000000000
00000000000000000000000000000000
00000000000000000000000000000000
00000000000000000000000000000000
00000000000000000000000000000001
00000000000000000000000000000000
00000000000000000000000000000000
00000000000000000000000000000000
00000000000000000000000000000000
00000000000000000000000000000000
00000000000000000000000000000000
00000000000000000000000000000000
00000000000000000000000000000000
00000000000000000000000000000000
00000000000000000000000000000000
00000000000000000000000000000000
00000000000000000000000000000001
00000000000000000000000000000000
00000000000000000000000000000000
00000000000000000000000000000000
00000000000000000000000000000001
00000000000000000000000000000000
00000000000000000000000000000000
00000000000000000000000000000001
00000000000000000000000000000000
00000000000000000000000000000000
00000000000000000000000000000000
00000000000000000000000000000000
00000000000000000000000000000000
00000000000000000000000000000000
00000000000000000000000000000000
00000000000000000000000000000000
00000000000000000000000000000000
00000000000000000000000000000000
00000000000000000000000000000000
00000000000000000000000000000000
00000000000000000000000000000000
00000000000000000000000000000000
00000000000000000000000000000000
00000000000000000000000000000001
00000000000000000000000000000000
00000000000000000000000000000000
00000000000000000000000000000000
00000000000000000000000000000000
00000000000000000000000000000000
00000000000000000000000000000000
00000000000000000000000000000000
00000000000000000000000000000000
00000000000000000000000000000000
00000000000000000000000000000000
00000000000000000000000000000000
00000000000000000000000000000000
00000000000000000000000000000001
00000000000000000000000000000000
00000000000000000000000000000000
00000000000000000000000000000000
00000000000000000000000000000000
00000000000000000000000000000001
00000000000000000000000000000000
00000000000000000000000000000001
00000000000000000000000000000000
00000000000000000000000000000000
00000000000000000000000000000000
00000000000000000000000000000000
00000000000000000000000000000000
00000000000000000000000000000000
00000000000000000000000000000000
00000000000000000000000000000000
00000000000000000000000000000000
00000000000000000000000000000000
00000000000000000000000000000000
00000000000000000000000000000001
00000000000000000000000000000000
00000000000000000000000000000000
00000000000000000000000000000000
00000000000000000000000000000001
00000000000000000000000000000001
00000000000000000000000000000000
00000000000000000000000000000000
00000000000000000000000000000000
00000000000000000000000000000000
00000000000000000000000000000000
00000000000000000000000000000000
00000000000000000000000000000000
00000000000000000000000000000001
00000000000000000000000000000000
00000000000000000000000000000000
00000000000000000000000000000000
00000000000000000000000000000000
00000000000000000000000000000000
00000000000000000000000000000000
00000000000000000000000000000000
00000000000000000000000000000001
00000000000000000000000000000000
00000000000000000000000000000000
00000000000000000000000000000000
00000000000000000000000000000000
00000000000000000000000000000000
00000000000000000000000000000000
00000000000000000000000000000000
00000000000000000000000000000001
00000000000000000000000000000001
00000000000000000000000000000001
00000000000000000000000000000000
00000000000000000000000000000000
00000000000000000000000000000000
00000000000000000000000000000000
00000000000000000000000000000000
00000000000000000000000000000000
00000000000000000000000000000001
00000000000000000000000000000000
00000000000000000000000000000000
00000000000000000000000000000000
00000000000000000000000000000000
00000000000000000000000000000000
00000000000000000000000000000000
00000000000000000000000000000001
00000000000000000000000000000000
00000000000000000000000000000000
00000000000000000000000000000000
00000000000000000000000000000000
00000000000000000000000000000000
00000000000000000000000000000000
00000000000000000000000000000000
00000000000000000000000000000000
00000000000000000000000000000000
00000000000000000000000000000000
00000000000000000000000000000000
00000000000000000000000000000000
00000000000000000000000000000000
00000000000000000000000000000000
00000000000000000000000000000000
00000000000000000000000000000000
00000000000000000000000000000000
00000000000000000000000000000000
00000000000000000000000000000000
00000000000000000000000000000001
00000000000000000000000000000001
00000000000000000000000000000000
00000000000000000000000000000000
00000000000000000000000000000001
00000000000000000000000000000000
00000000000000000000000000000000
00000000000000000000000000000000
00000000000000000000000000000000
00000000000000000000000000000000
00000000000000000000000000000000
00000000000000000000000000000000
00000000000000000000000000000001
00000000000000000000000000000000
00000000000000000000000000000000
00000000000000000000000000000000
00000000000000000000000000000001
00000000000000000000000000000000
00000000000000000000000000000000
00000000000000000000000000000000
00000000000000000000000000000001
00000000000000000000000000000000
00000000000000000000000000000000
00000000000000000000000000000000
00000000000000000000000000000000
00000000000000000000000000000000
00000000000000000000000000000000
00000000000000000000000000000000
00000000000000000000000000000001
00000000000000000000000000000000
00000000000000000000000000000000
00000000000000000000000000000000
00000000000000000000000000000000
00000000000000000000000000000000
00000000000000000000000000000000
00000000000000000000000000000000
00000000000000000000000000000000
00000000000000000000000000000000
00000000000000000000000000000000
00000000000000000000000000000000
00000000000000000000000000000000
00000000000000000000000000000000
00000000000000000000000000000000
00000000000000000000000000000000
00000000000000000000000000000001
00000000000000000000000000000000
00000000000000000000000000000001
00000000000000000000000000000001
00000000000000000000000000000000
00000000000000000000000000000000
00000000000000000000000000000000
00000000000000000000000000000000
00000000000000000000000000000000
00000000000000000000000000000000
00000000000000000000000000000000
00000000000000000000000000000000
00000000000000000000000000000000
00000000000000000000000000000000
00000000000000000000000000000000
00000000000000000000000000000000
00000000000000000000000000000000
00000000000000000000000000000000
00000000000000000000000000000000
00000000000000000000000000000000
00000000000000000000000000000000
00000000000000000000000000000000
00000000000000000000000000000000
00000000000000000000000000000000
00000000000000000000000000000000
00000000000000000000000000000000
00000000000000000000000000000000
00000000000000000000000000000000
00000000000000000000000000000000
00000000000000000000000000000000
00000000000000000000000000000000
00000000000000000000000000000000
00000000000000000000000000000000
00000000000000000000000000000000
00000000000000000000000000000000
00000000000000000000000000000000
00000000000000000000000000000001
00000000000000000000000000000000
00000000000000000000000000000001
00000000000000000000000000000000
00000000000000000000000000000000
00000000000000000000000000000000
00000000000000000000000000000000
00000000000000000000000000000001
00000000000000000000000000000000
00000000000000000000000000000000
00000000000000000000000000000000
00000000000000000000000000000000
00000000000000000000000000000000
00000000000000000000000000000000
00000000000000000000000000000000
00000000000000000000000000000000
00000000000000000000000000000000
00000000000000000000000000000000
00000000000000000000000000000000
00000000000000000000000000000000
00000000000000000000000000000001
00000000000000000000000000000000
00000000000000000000000000000000
00000000000000000000000000000000
00000000000000000000000000000000
00000000000000000000000000000000
00000000000000000000000000000000
00000000000000000000000000000000
1101000000011111
0
0
0
10000101010100011111
0
0
0
1100010100001111
0
0
0
1001110110011111
0
0
0
1001000100001111
0
0
0
1000000000001111
0
0
0
101000011111
0
0
0
1100010001111
0
0
0
111000000011111
0
0
0
1000000101111
0
0
0
1001100001111
0
0
0
1000100011111
0
0
0
1101000000001111
0
0
0
1111
0
0
0
1000010100001111
0
0
0
1000000001111
0
0
0
