00000000000000000000001100010111
00000000100000110000000001100111
00100000000000000000010100110111
00000000000001010000010100010011
00110000000000000000010110110111
00000000000001011000010110010011
00000000000001010010000000100011
00000000000001010010001000100011
00000000000100000000000010010011
00000000000101010010010000100011
00000000000001010010011000100011
00000000000001010010100000100011
00000000000001010010101000100011
00000000000001010010110000100011
00000000011100000000000010010011
00000000000101011010000000100011
00000000011000000000000010010011
00000000000101011010001000100011
00000000100100000000000010010011
00000000000101011010010000100011
00000000000100000000000010010011
00000000000101011010011000100011
00000000011100000000000010010011
00000000000101011010100000100011
00001111111100000000000010010011
00000000000101011010101000100011
00000000000101011010110000100011
00000000000101011010111000100011
00000010000101011010000000100011
00000010000101011010001000100011
00000010000101011010010000100011
00000010000101011010011000100011
00000010000101011010100000100011
00000000000000000000000010010011
00000010000101011010101000100011
00000000010000000000000010010011
00000010000101011010110000100011
00001111111100000000000010010011
00000010000101011010111000100011
00001111111100000000000010010011
00000100000101011010000000100011
00000000101101110010000010110111
10110000000000001000000010010011
00000100000101011010001000100011
00000000000000000001010100110111
00000000000001010000010100010011
00000000000000000001010110110111
00011110000001011000010110010011
11110000000000000000011000110111
00000000010001100000011000010011
00100111010000000000000011101111
00000000000000000001010100110111
00011110000001010000010100010011
00000000000000000001010110110111
00111100000001011000010110010011
11110000000001000000011000110111
00000000010001100000011000010011
00100101100000000000000011101111
00000000000000000001010100110111
00111100000001010000010100010011
00000000000000000001010110110111
01011010000001011000010110010011
11110000000010000000011000110111
00000000010001100000011000010011
00100011110000000000000011101111
00000000000000000001010100110111
01011010000001010000010100010011
00000000000000000010010110110111
10000110000001011000010110010011
11110000000011000000011000110111
00000000010001100000011000010011
00100010000000000000000011101111
00000000000000000010010100110111
10000110000001010000010100010011
00000000000000000010010110110111
10100100000001011000010110010011
11110000000100000000011000110111
00000000010001100000011000010011
00100000010000000000000011101111
00000000000000000010010100110111
10100100000001010000010100010011
00000000000000000010010110110111
11000010000001011000010110010011
11110000000101000000011000110111
00000000010001100000011000010011
00011110100000000000000011101111
00000000000000000010010100110111
11000010000001010000010100010011
00000000000000000010010110110111
11100000000001011000010110010011
11110000000110000000011000110111
00000000010001100000011000010011
00011100110000000000000011101111
00000000000000000010010100110111
11100000000001010000010100010011
00000000000000000010010110110111
00001110000001011000010110010011
11110000000111000000011000110111
00000000010001100000011000010011
00011011000000000000000011101111
00000000000000000010010100110111
00100010010001010000010100010011
00000000000000000010010110110111
00110110010001011000010110010011
11110000000000000000011000110111
01000000010001100000011000010011
00011001010000000000000011101111
00000000000000000010010100110111
00110110010001010000010100010011
00000000000000000010010110110111
01001010010001011000010110010011
11110000000100000000011000110111
01000000010001100000011000010011
00010111100000000000000011101111
00010000000000000000010100110111
00000000000001010000010100010011
00000000000100000000010110010011
00000000101101010010000000100011
00000000000000000010010100110111
00011000000001010000010100010011
00000000000000000010010110110111
00011010000001011000010110010011
11100000000000000000011000110111
00000000000001100000011000010011
00010010100000000000000011101111
00000000000000000010010100110111
00011010100001010000010100010011
00000000000000000010010110110111
00011100100001011000010110010011
11100000000000000000011000110111
00000000000001100000011000010011
00010000110000000000000011101111
00000000000000000010010100110111
00011101000001010000010100010011
00000000000000000010010110110111
00011111000001011000010110010011
11100000000000000000011000110111
00000000000001100000011000010011
00001111000000000000000011101111
00000000000000000010010100110111
00011111100001010000010100010011
00000000000000000010010110110111
00100001100001011000010110010011
11100000000000000000011000110111
00000000000001100000011000010011
00001101010000000000000011101111
00000000000000000010010100110111
00001110000001010000010100010011
00000000000000000010010110110111
00010000000001011000010110010011
11100000000000000000011000110111
00000000000001100000011000010011
00001011100000000000000011101111
00000000000000000010010100110111
00010000100001010000010100010011
00000000000000000010010110110111
00010010100001011000010110010011
11100000000000000000011000110111
00000000000001100000011000010011
00001001110000000000000011101111
00000000000000000010010100110111
00010011000001010000010100010011
00000000000000000010010110110111
00010101000001011000010110010011
11100000000000000000011000110111
00000000000001100000011000010011
00001000000000000000000011101111
00000000000000000010010100110111
00010101100001010000010100010011
00000000000000000010010110110111
00010111100001011000010110010011
11100000000000000000011000110111
00000000000001100000011000010011
00000110010000000000000011101111
11100000000000000000001010110111
00000000000000101000001010010011
00001111111100000000011000010011
00000000000000101010001100000011
11111110110000110001111011100011
00000001010000000000010100010011
00000000000000000000000000010011
11111111111101010000010100010011
11111110000001010001110011100011
00010000000000000000010100110111
00000000000001010000010100010011
00000000000000000000010110010011
00000000101101010010000000100011
11110000000000000000001100110111
00000000000000110000001100010011
11110000000000000000010110110111
00000000010001011000010110010011
00000000000000001000111000110111
10010000000011100000111000010011
00000000010000000000011010010011
00000111000000000000000011101111
00000000111100000000010100010011
00000000000000000000010110010011
00000000101101010010000000100011
00000000000001010000001010010011
00000000000001100000001100010011
00000000010101011100110001100011
00000000000000101010001110000011
00000000011100110010000000100011
00000000010000101000001010010011
00000000010000110000001100010011
11111110110111111111000001101111
00000000000000001000000001100111
00000000000001010000001010010011
00000000000001100000001100010011
00000010010101011100100001100011
00000000000000101010001110000011
00000000011100110010000000100011
00000000010000101010001110000011
00000000011100110010000000100011
00000000100000101010001110000011
00000000011100110010000000100011
00000000110000101010001110000011
00000000011100110010000000100011
00000001000000101000001010010011
00000000010000110000001100010011
11111101010111111111000001101111
00000000000000001000000001100111
00000000000000110010010000000011
00000000000000110010010010000011
00000000000000110010100100000011
00000000000000110010100110000011
11111111111101101000011010010011
00000010000001101000101001100011
00000000000101101000011010010011
11111111111001101000011010010011
00000010000001101000001001100011
00000000001001101000011010010011
11111111110101101000011010010011
00000000000001101000101001100011
00000000001101101000011010010011
11111111110001101000011010010011
00000000000001101000001001100011
00000001001111100010011000100011
00000001001011100010010000100011
00000000100111100010001000100011
00000000100011100010000000100011
00000000011001011100101001100011
00000000000001101000100001100011
00000000010000110000001100010011
00000001000011100000111000010011
11111010010111111111000001101111
00000000000000001000000001100111

@400
//exeblock0
00000000000000000000000000000000
1010000000000000
00000000000000000000100000000000
1010000000000010
00000000000000000001000000000000
1010000000000100
00000000000000000001100000000000
1010000000000110
00000000000000000010000000000000
1010010000001000
00000000000000000010100000000000
1010010000001010
00000000000000000011000000000000
1010010000001100
00000000000000000011100000000000
1010010000001110
00000000000000000100000000000000
1010010000010000
00000000000000000100100000000000
1010010000010010
00000000000000000101000000000000
1010010000010100
00000000000000000101100000000000
1010010000010110
00000000000000000110000000000000
1010010000011000
00000000000000000110100000000000
1010010000011010
00000000000000000111000000000000
1010010000011100
00000000000000000111100000000000
1010010000011110
00000000000000001000000000000000
1010010000100000
00000000000000001000100000000000
1010010000100010
00000000000000001001000000000000
1010010000100100
00000000000000001001100000000000
1010010000100110
10000001000100000010000000000000
0010000000000000
10000010000100000100000000000000
0010000000000010
10000011000100000110000000000000
0010000000000100
10000100000100001000000000000000
0010000000000110
00000000000000000000000000000000
1000010000001000
10000010000100000100000000000000
0000010000001000
00000000000000000000000000000000
1000010000010000
10000011000100000110000000000000
0000010000010000
00000000000000000000000000000000
1000010000011000
10000100000100001000000000000000
0000010000011000
10000001010100000010100000000000
0010000000000000
10000010010100000100100000000000
0010000000000010
10000011010100000110100000000000
0010000000000100
10000100010100001000100000000000
0010000000000110
00000000000000000000000000000000
1000010000001010
10000010010100000100100000000000
0000010000001010
00000000000000000000000000000000
1000010000010010
10000011010100000110100000000000
0000010000010010
00000000000000000000000000000000
1000010000011010
10000100010100001000100000000000
0000010000011010
10000001100100000011000000000000
0010000000000000
10000010100100000101000000000000
0010000000000010
10000011100100000111000000000000
0010000000000100
10000100100100001001000000000000
0010000000000110
00000000000000000000000000000000
1000010000001100
10000010100100000101000000000000
0000010000001100
00000000000000000000000000000000
1000010000010100
10000011100100000111000000000000
0000010000010100
00000000000000000000000000000000
1000010000011100
10000100100100001001000000000000
0000010000011100
10000001110100000011100000000000
0010000000000000
10000010110100000101100000000000
0010000000000010
10000011110100000111100000000000
0010000000000100
10000100110100001001100000000000
0010000000000110
00000000000000000000000000000000
1000010000001110
10000010110100000101100000000000
0000010000001110
00000000000000000000000000000000
1000010000010110
10000011110100000111100000000000
0000010000010110
00000000000000000000000000000000
1000010000011110
10000100110100001001100000000000
0000010000011110
//exeblock1
00000000000000001010000000000000
1010000000001000
00000000000000001010100000000000
1010000000001010
00000000000000001011000000000000
1010000000001100
00000000000000001011100000000000
1010000000001110
00000000000000001100000000000000
1010010000101000
00000000000000001100100000000000
1010010000101010
00000000000000001101000000000000
1010010000101100
00000000000000001101100000000000
1010010000101110
00000000000000001110000000000000
1010010000110000
00000000000000001110100000000000
1010010000110010
00000000000000001111000000000000
1010010000110100
00000000000000001111100000000000
1010010000110110
00000000000000010000000000000000
1010010000111000
00000000000000010000100000000000
1010010000111010
00000000000000010001000000000000
1010010000111100
00000000000000010001100000000000
1010010000111110
00000000000000010010000000000000
1010010001000000
00000000000000010010100000000000
1010010001000010
00000000000000010011000000000000
1010010001000100
00000000000000010011100000000000
1010010001000110
10000101000100001010000000000000
0010000000001000
10000110000100001100000000000000
0010000000001010
10000111000100001110000000000000
0010000000001100
10001000000100010000000000000000
0010000000001110
00000000000000000000000000000000
1000010000101000
10000110000100001100000000000000
0000010000101000
00000000000000000000000000000000
1000010000110000
10000111000100001110000000000000
0000010000110000
00000000000000000000000000000000
1000010000111000
10001000000100010000000000000000
0000010000111000
10000101010100001010100000000000
0010000000001000
10000110010100001100100000000000
0010000000001010
10000111010100001110100000000000
0010000000001100
10001000010100010000100000000000
0010000000001110
00000000000000000000000000000000
1000010000101010
10000110010100001100100000000000
0000010000101010
00000000000000000000000000000000
1000010000110010
10000111010100001110100000000000
0000010000110010
00000000000000000000000000000000
1000010000111010
10001000010100010000100000000000
0000010000111010
10000101100100001011000000000000
0010000000001000
10000110100100001101000000000000
0010000000001010
10000111100100001111000000000000
0010000000001100
10001000100100010001000000000000
0010000000001110
00000000000000000000000000000000
1000010000101100
10000110100100001101000000000000
0000010000101100
00000000000000000000000000000000
1000010000110100
10000111100100001111000000000000
0000010000110100
00000000000000000000000000000000
1000010000111100
10001000100100010001000000000000
0000010000111100
10000101110100001011100000000000
0010000000001000
10000110110100001101100000000000
0010000000001010
10000111110100001111100000000000
0010000000001100
10001000110100010001100000000000
0010000000001110
00000000000000000000000000000000
1000010000101110
10000110110100001101100000000000
0000010000101110
00000000000000000000000000000000
1000010000110110
10000111110100001111100000000000
0000010000110110
00000000000000000000000000000000
1000010000111110
10001000110100010001100000000000
0000010000111110
//exeblock2
00000000000000010100000000000000
1010000000010000
00000000000000010100100000000000
1010000000010010
00000000000000010101000000000000
1010000000010100
00000000000000010101100000000000
1010000000010110
00000000000000010110000000000000
1010010001001000
00000000000000010110100000000000
1010010001001010
00000000000000010111000000000000
1010010001001100
00000000000000010111100000000000
1010010001001110
00000000000000011000000000000000
1010010001010000
00000000000000011000100000000000
1010010001010010
00000000000000011001000000000000
1010010001010100
00000000000000011001100000000000
1010010001010110
00000000000000011010000000000000
1010010001011000
00000000000000011010100000000000
1010010001011010
00000000000000011011000000000000
1010010001011100
00000000000000011011100000000000
1010010001011110
00000000000000011100000000000000
1010010001100000
00000000000000011100100000000000
1010010001100010
00000000000000011101000000000000
1010010001100100
00000000000000011101100000000000
1010010001100110
10001001000100010010000000000000
0010000000010000
10001010000100010100000000000000
0010000000010010
10001011000100010110000000000000
0010000000010100
10001100000100011000000000000000
0010000000010110
00000000000000000000000000000000
1000010001001000
10001010000100010100000000000000
0000010001001000
00000000000000000000000000000000
1000010001010000
10001011000100010110000000000000
0000010001010000
00000000000000000000000000000000
1000010001011000
10001100000100011000000000000000
0000010001011000
10001001010100010010100000000000
0010000000010000
10001010010100010100100000000000
0010000000010010
10001011010100010110100000000000
0010000000010100
10001100010100011000100000000000
0010000000010110
00000000000000000000000000000000
1000010001001010
10001010010100010100100000000000
0000010001001010
00000000000000000000000000000000
1000010001010010
10001011010100010110100000000000
0000010001010010
00000000000000000000000000000000
1000010001011010
10001100010100011000100000000000
0000010001011010
10001001100100010011000000000000
0010000000010000
10001010100100010101000000000000
0010000000010010
10001011100100010111000000000000
0010000000010100
10001100100100011001000000000000
0010000000010110
00000000000000000000000000000000
1000010001001100
10001010100100010101000000000000
0000010001001100
00000000000000000000000000000000
1000010001010100
10001011100100010111000000000000
0000010001010100
00000000000000000000000000000000
1000010001011100
10001100100100011001000000000000
0000010001011100
10001001110100010011100000000000
0010000000010000
10001010110100010101100000000000
0010000000010010
10001011110100010111100000000000
0010000000010100
10001100110100011001100000000000
0010000000010110
00000000000000000000000000000000
1000010001001110
10001010110100010101100000000000
0000010001001110
00000000000000000000000000000000
1000010001010110
10001011110100010111100000000000
0000010001010110
00000000000000000000000000000000
1000010001011110
10001100110100011001100000000000
0000010001011110
//exeblock3
00000000000000011110000000000000
1010000000011000
00000000000000011110100000000000
1010000000011010
00000000000000011111000000000000
1010000000011100
00000000000000011111100000000000
1010000000011110
00000000000000100000000000000000
1010010001101000
00000000000000100000100000000000
1010010001101010
00000000000000100001000000000000
1010010001101100
00000000000000100001100000000000
1010010001101110
00000000000000100010000000000000
1010010001110000
00000000000000100010100000000000
1010010001110010
00000000000000100011000000000000
1010010001110100
00000000000000100011100000000000
1010010001110110
00000000000000100100000000000000
1010010001111000
00000000000000100100100000000000
1010010001111010
00000000000000100101000000000000
1010010001111100
00000000000000100101100000000000
1010010001111110
00000000000000100110000000000000
1010010010000000
00000000000000100110100000000000
1010010010000010
00000000000000100111000000000000
1010010010000100
00000000000000100111100000000000
1010010010000110
10001101000100011010000000000000
0010000000011000
10001110000100011100000000000000
0010000000011010
10001111000100011110000000000000
0010000000011100
10010000000100100000000000000000
0010000000011110
00000000000000000000000000000000
1000010001101000
10001110000100011100000000000000
0000010001101000
00000000000000000000000000000000
1000010001110000
10001111000100011110000000000000
0000010001110000
00000000000000000000000000000000
1000010001111000
10010000000100100000000000000000
0000010001111000
10001101010100011010100000000000
0010000000011000
10001110010100011100100000000000
0010000000011010
10001111010100011110100000000000
0010000000011100
10010000010100100000100000000000
0010000000011110
00000000000000000000000000000000
1000010001101010
10001110010100011100100000000000
0000010001101010
00000000000000000000000000000000
1000010001110010
10001111010100011110100000000000
0000010001110010
00000000000000000000000000000000
1000010001111010
10010000010100100000100000000000
0000010001111010
10001101100100011011000000000000
0010000000011000
10001110100100011101000000000000
0010000000011010
10001111100100011111000000000000
0010000000011100
10010000100100100001000000000000
0010000000011110
00000000000000000000000000000000
1000010001101100
10001110100100011101000000000000
0000010001101100
00000000000000000000000000000000
1000010001110100
10001111100100011111000000000000
0000010001110100
00000000000000000000000000000000
1000010001111100
10010000100100100001000000000000
0000010001111100
10001101110100011011100000000000
0010000000011000
10001110110100011101100000000000
0010000000011010
10001111110100011111100000000000
0010000000011100
10010000110100100001100000000000
0010000000011110
00000000000000000000000000000000
1000010001101110
10001110110100011101100000000000
0000010001101110
00000000000000000000000000000000
1000010001110110
10001111110100011111100000000000
0000010001110110
00000000000000000000000000000000
1000010001111110
10010000110100100001100000000000
0000010001111110
00000000000000000000000000000000
1000010010000000
10000100000100100000000000000000
0000010010000000
00000000000000000000000000000000
1000010010000010
10000100010100100000100000000000
0000010010000010
00000000000000000000000000000000
1000010010000100
10000100100100100001000000000000
0000010010000100
00000000000000000000000000000000
1000010010000110
10000100110100100001100000000000
0000010010000110
00000000000000000000000000000000
1000010010000000
10001000000100100000000000000000
0000010010000000
00000000000000000000000000000000
1000010010000010
10001000010100100000100000000000
0000010010000010
00000000000000000000000000000000
1000010010000100
10001000100100100001000000000000
0000010010000100
00000000000000000000000000000000
1000010010000110
10001000110100100001100000000000
0000010010000110
00000000000000000000000000000000
1000010010000000
10001100000100100000000000000000
0000010010000000
00000000000000000000000000000000
1000010010000010
10001100010100100000100000000000
0000010010000010
00000000000000000000000000000000
1000010010000100
10001100100100100001000000000000
0000010010000100
00000000000000000000000000000000
1000010010000110
10001100110100100001100000000000
0000010010000110
00001000000000000000100000000000
1011010010000000
00001000010000000000100000000000
1011010010000010
00001000100000000000100000000000
1011010010000100
00001000110000000000100000000000
1011010010000110
//exeblock4
00000000000000000000000000000000
1010000000000000
00000000000000000000100000000000
1010000000000010
00000000000000000001000000000000
1010000000000100
00000000000000000001100000000000
1010000000000110
00000000000000000010000000000000
1010010000001000
00000000000000000010100000000000
1010010000001010
00000000000000000011000000000000
1010010000001100
00000000000000000011100000000000
1010010000001110
00000000000000000100000000000000
1010010000010000
00000000000000000100100000000000
1010010000010010
00000000000000000101000000000000
1010010000010100
00000000000000000101100000000000
1010010000010110
00000000000000000110000000000000
1010010000011000
00000000000000000110100000000000
1010010000011010
00000000000000000111000000000000
1010010000011100
00000000000000000111100000000000
1010010000011110
00000000000000001000000000000000
1010010000100000
00000000000000001000100000000000
1010010000100010
00000000000000001001000000000000
1010010000100100
00000000000000001001100000000000
1010010000100110
10000001000100000010000000000000
0010000000000000
10000010000100000100000000000000
0010000000000010
10000011000100000110000000000000
0010000000000100
10000100000100001000000000000000
0010000000000110
00000000000000000000000000000000
1000010000001000
10000010000100000100000000000000
0000010000001000
00000000000000000000000000000000
1000010000010000
10000011000100000110000000000000
0000010000010000
00000000000000000000000000000000
1000010000011000
10000100000100001000000000000000
0000010000011000
10000001010100000010100000000000
0010000000000000
10000010010100000100100000000000
0010000000000010
10000011010100000110100000000000
0010000000000100
10000100010100001000100000000000
0010000000000110
00000000000000000000000000000000
1000010000001010
10000010010100000100100000000000
0000010000001010
00000000000000000000000000000000
1000010000010010
10000011010100000110100000000000
0000010000010010
00000000000000000000000000000000
1000010000011010
10000100010100001000100000000000
0000010000011010
10000001100100000011000000000000
0010000000000000
10000010100100000101000000000000
0010000000000010
10000011100100000111000000000000
0010000000000100
10000100100100001001000000000000
0010000000000110
00000000000000000000000000000000
1000010000001100
10000010100100000101000000000000
0000010000001100
00000000000000000000000000000000
1000010000010100
10000011100100000111000000000000
0000010000010100
00000000000000000000000000000000
1000010000011100
10000100100100001001000000000000
0000010000011100
10000001110100000011100000000000
0010000000000000
10000010110100000101100000000000
0010000000000010
10000011110100000111100000000000
0010000000000100
10000100110100001001100000000000
0010000000000110
00000000000000000000000000000000
1000010000001110
10000010110100000101100000000000
0000010000001110
00000000000000000000000000000000
1000010000010110
10000011110100000111100000000000
0000010000010110
00000000000000000000000000000000
1000010000011110
10000100110100001001100000000000
0000010000011110
//exeblock5
00000000000000001010000000000000
1010000000001000
00000000000000001010100000000000
1010000000001010
00000000000000001011000000000000
1010000000001100
00000000000000001011100000000000
1010000000001110
00000000000000001100000000000000
1010010000101000
00000000000000001100100000000000
1010010000101010
00000000000000001101000000000000
1010010000101100
00000000000000001101100000000000
1010010000101110
00000000000000001110000000000000
1010010000110000
00000000000000001110100000000000
1010010000110010
00000000000000001111000000000000
1010010000110100
00000000000000001111100000000000
1010010000110110
00000000000000010000000000000000
1010010000111000
00000000000000010000100000000000
1010010000111010
00000000000000010001000000000000
1010010000111100
00000000000000010001100000000000
1010010000111110
00000000000000010010000000000000
1010010001000000
00000000000000010010100000000000
1010010001000010
00000000000000010011000000000000
1010010001000100
00000000000000010011100000000000
1010010001000110
10000101000100001010000000000000
0010000000001000
10000110000100001100000000000000
0010000000001010
10000111000100001110000000000000
0010000000001100
10001000000100010000000000000000
0010000000001110
00000000000000000000000000000000
1000010000101000
10000110000100001100000000000000
0000010000101000
00000000000000000000000000000000
1000010000110000
10000111000100001110000000000000
0000010000110000
00000000000000000000000000000000
1000010000111000
10001000000100010000000000000000
0000010000111000
10000101010100001010100000000000
0010000000001000
10000110010100001100100000000000
0010000000001010
10000111010100001110100000000000
0010000000001100
10001000010100010000100000000000
0010000000001110
00000000000000000000000000000000
1000010000101010
10000110010100001100100000000000
0000010000101010
00000000000000000000000000000000
1000010000110010
10000111010100001110100000000000
0000010000110010
00000000000000000000000000000000
1000010000111010
10001000010100010000100000000000
0000010000111010
10000101100100001011000000000000
0010000000001000
10000110100100001101000000000000
0010000000001010
10000111100100001111000000000000
0010000000001100
10001000100100010001000000000000
0010000000001110
00000000000000000000000000000000
1000010000101100
10000110100100001101000000000000
0000010000101100
00000000000000000000000000000000
1000010000110100
10000111100100001111000000000000
0000010000110100
00000000000000000000000000000000
1000010000111100
10001000100100010001000000000000
0000010000111100
10000101110100001011100000000000
0010000000001000
10000110110100001101100000000000
0010000000001010
10000111110100001111100000000000
0010000000001100
10001000110100010001100000000000
0010000000001110
00000000000000000000000000000000
1000010000101110
10000110110100001101100000000000
0000010000101110
00000000000000000000000000000000
1000010000110110
10000111110100001111100000000000
0000010000110110
00000000000000000000000000000000
1000010000111110
10001000110100010001100000000000
0000010000111110
//exeblock6
00000000000000010100000000000000
1010000000010000
00000000000000010100100000000000
1010000000010010
00000000000000010101000000000000
1010000000010100
00000000000000010101100000000000
1010000000010110
00000000000000010110000000000000
1010010001001000
00000000000000010110100000000000
1010010001001010
00000000000000010111000000000000
1010010001001100
00000000000000010111100000000000
1010010001001110
00000000000000011000000000000000
1010010001010000
00000000000000011000100000000000
1010010001010010
00000000000000011001000000000000
1010010001010100
00000000000000011001100000000000
1010010001010110
00000000000000011010000000000000
1010010001011000
00000000000000011010100000000000
1010010001011010
00000000000000011011000000000000
1010010001011100
00000000000000011011100000000000
1010010001011110
00000000000000011100000000000000
1010010001100000
00000000000000011100100000000000
1010010001100010
00000000000000011101000000000000
1010010001100100
00000000000000011101100000000000
1010010001100110
10001001000100010010000000000000
0010000000010000
10001010000100010100000000000000
0010000000010010
10001011000100010110000000000000
0010000000010100
10001100000100011000000000000000
0010000000010110
00000000000000000000000000000000
1000010001001000
10001010000100010100000000000000
0000010001001000
00000000000000000000000000000000
1000010001010000
10001011000100010110000000000000
0000010001010000
00000000000000000000000000000000
1000010001011000
10001100000100011000000000000000
0000010001011000
10001001010100010010100000000000
0010000000010000
10001010010100010100100000000000
0010000000010010
10001011010100010110100000000000
0010000000010100
10001100010100011000100000000000
0010000000010110
00000000000000000000000000000000
1000010001001010
10001010010100010100100000000000
0000010001001010
00000000000000000000000000000000
1000010001010010
10001011010100010110100000000000
0000010001010010
00000000000000000000000000000000
1000010001011010
10001100010100011000100000000000
0000010001011010
10001001100100010011000000000000
0010000000010000
10001010100100010101000000000000
0010000000010010
10001011100100010111000000000000
0010000000010100
10001100100100011001000000000000
0010000000010110
00000000000000000000000000000000
1000010001001100
10001010100100010101000000000000
0000010001001100
00000000000000000000000000000000
1000010001010100
10001011100100010111000000000000
0000010001010100
00000000000000000000000000000000
1000010001011100
10001100100100011001000000000000
0000010001011100
10001001110100010011100000000000
0010000000010000
10001010110100010101100000000000
0010000000010010
10001011110100010111100000000000
0010000000010100
10001100110100011001100000000000
0010000000010110
00000000000000000000000000000000
1000010001001110
10001010110100010101100000000000
0000010001001110
00000000000000000000000000000000
1000010001010110
10001011110100010111100000000000
0000010001010110
00000000000000000000000000000000
1000010001011110
10001100110100011001100000000000
0000010001011110
//exeblock7
00000000000000011110000000000000
1010000000011000
00000000000000011110100000000000
1010000000011010
00000000000000011111000000000000
1010000000011100
00000000000000011111100000000000
1010000000011110
00000000000000100000000000000000
1010010001101000
00000000000000100000100000000000
1010010001101010
00000000000000100001000000000000
1010010001101100
00000000000000100001100000000000
1010010001101110
00000000000000100010000000000000
1010010001110000
00000000000000100010100000000000
1010010001110010
00000000000000100011000000000000
1010010001110100
00000000000000100011100000000000
1010010001110110
00000000000000100100000000000000
1010010001111000
00000000000000100100100000000000
1010010001111010
00000000000000100101000000000000
1010010001111100
00000000000000100101100000000000
1010010001111110
00000000000000100110000000000000
1010010010000000
00000000000000100110100000000000
1010010010000010
00000000000000100111000000000000
1010010010000100
00000000000000100111100000000000
1010010010000110
10001101000100011010000000000000
0010000000011000
10001110000100011100000000000000
0010000000011010
10001111000100011110000000000000
0010000000011100
10010000000100100000000000000000
0010000000011110
00000000000000000000000000000000
1000010001101000
10001110000100011100000000000000
0000010001101000
00000000000000000000000000000000
1000010001110000
10001111000100011110000000000000
0000010001110000
00000000000000000000000000000000
1000010001111000
10010000000100100000000000000000
0000010001111000
10001101010100011010100000000000
0010000000011000
10001110010100011100100000000000
0010000000011010
10001111010100011110100000000000
0010000000011100
10010000010100100000100000000000
0010000000011110
00000000000000000000000000000000
1000010001101010
10001110010100011100100000000000
0000010001101010
00000000000000000000000000000000
1000010001110010
10001111010100011110100000000000
0000010001110010
00000000000000000000000000000000
1000010001111010
10010000010100100000100000000000
0000010001111010
10001101100100011011000000000000
0010000000011000
10001110100100011101000000000000
0010000000011010
10001111100100011111000000000000
0010000000011100
10010000100100100001000000000000
0010000000011110
00000000000000000000000000000000
1000010001101100
10001110100100011101000000000000
0000010001101100
00000000000000000000000000000000
1000010001110100
10001111100100011111000000000000
0000010001110100
00000000000000000000000000000000
1000010001111100
10010000100100100001000000000000
0000010001111100
10001101110100011011100000000000
0010000000011000
10001110110100011101100000000000
0010000000011010
10001111110100011111100000000000
0010000000011100
10010000110100100001100000000000
0010000000011110
00000000000000000000000000000000
1000010001101110
10001110110100011101100000000000
0000010001101110
00000000000000000000000000000000
1000010001110110
10001111110100011111100000000000
0000010001110110
00000000000000000000000000000000
1000010001111110
10010000110100100001100000000000
0000010001111110
00001000000100100000000000000000
0000010010000000
00001000010100100000100000000000
0000010010000010
00001000100100100001000000000000
0000010010000100
00001000110100100001100000000000
0000010010000110
00000000000000000000000000000000
1000010010000000
10000100000100100000000000000000
0000010010000000
00000000000000000000000000000000
1000010010000010
10000100010100100000100000000000
0000010010000010
00000000000000000000000000000000
1000010010000100
10000100100100100001000000000000
0000010010000100
00000000000000000000000000000000
1000010010000110
10000100110100100001100000000000
0000010010000110
00000000000000000000000000000000
1000010010000000
10001000000100100000000000000000
0000010010000000
00000000000000000000000000000000
1000010010000010
10001000010100100000100000000000
0000010010000010
00000000000000000000000000000000
1000010010000100
10001000100100100001000000000000
0000010010000100
00000000000000000000000000000000
1000010010000110
10001000110100100001100000000000
0000010010000110
00000000000000000000000000000000
1000010010000000
10001100000100100000000000000000
0000010010000000
00000000000000000000000000000000
1000010010000010
10001100010100100000100000000000
0000010010000010
00000000000000000000000000000000
1000010010000100
10001100100100100001000000000000
0000010010000100
00000000000000000000000000000000
1000010010000110
10001100110100100001100000000000
0000010010000110
00000000000000000000000000000000
1100010010000000
00000000000000000000100000000000
1100010010000010
00000000000000000001000000000000
1100010010000100
00000000000000000001100000000000
1100010010000110

@838
00000000000000000000000000000000
00000001010000000000000000111100
00001111000000111100000001010000
00000011110000001111000000111100
00000000000000000000000000000100
00000000000000000000011111111111
00000000000000000000000000000000
00000000000000000000010000000100
00000000000000000000000000000000


@842
01010000000000000000000000000000
00010001010001000000000100111100
01001111000100111100010001010000
00010011110001001111000100111100
00000000000001000000000000000100
00000000000000000000011111111111
00000000000000000000000000000001
00000000000000000000010000000100
00000000000000000000000000000000


@84c
10100000000000000000000000000000
00100001010010000000001000111100
10001111001000111100100001010000
00100011110010001111001000111100
00000000000010000000000000000100
00000000000000000000011111111111
00000000000000000000000000000010
00000000000000000000010000000100
00000000000000000000000000000000


@856
11110000000000000000000000000000
00110001010011000000001101011000
11010101001101010100110001010000
00110101100011010110001101011000
00000000000011000000000000000100
00000000000000000000011111111111
00000000000000000000000000000011
00000000000000000000010000000100
00000000000000000000000000000000


@860
00000000000000000000000000000000
01000001010000000000000000111100
00001111000000111100000001010000
00000011110000001111000000111100
00000000000100000000000000000100
00000000000000000000011111111111
00000000000000000000000000000100
00000000000100000000010000000100
00000000000000000000000000000000


@86a
01010000000000000000000000000000
01010001010001000000000100111100
01001111000100111100010001010000
00010011110001001111000100111100
00000000000101000000000000000100
00000000000000000000011111111111
00000000000000000000000000000101
00000000000100000000010000000100
00000000000000000000000000000000


@874
10100000000000000000000000000000
01100001010010000000001000111100
10001111001000111100100001010000
00100011110010001111001000111100
00000000000110000000000000000100
00000000000000000000011111111111
00000000000000000000000000000110
00000000000100000000010000000100
00000000000000000000000000000000


@87e
11110000000000000000000000000000
01110001010011000000001101011100
11010110001101011000110001010000
00110101110011010110001101011000
00000000000111000000000000000100
00000000000000000010000000100000
00000000000000000000000000000111
00000000000100000000010000000100
00000000000000000000000000000000


@889
//data for pe0
00000000000000000000000000000001
00000000000000000000000000000001
00000000000000000000000000000000
00000000000000000000000000000001
00000000000000000000000000000001
00000000000000000000000000000000
00000000000000000000000000000000
00000000000000000000000000000000
00000000000000000000000000000001
00000000000000000000000000000000
00000000000000000000000000000001
00000000000000000000000000000001
00000000000000000000000000000000
00000000000000000000000000000001
00000000000000000000000000000001
00000000000000000000000000000000
00000000000000000000000000000000
00000000000000000000000000000001
00000000000000000000000000000000
00000000000000000000000000000000
00000000000000000000000000000000
00000000000000000000000000000001
00000000000000000000000000000001
00000000000000000000000000000001
00000000000000000000000000000001
00000000000000000000000000000000
00000000000000000000000000000000
00000000000000000000000000000001
00000000000000000000000000000000
00000000000000000000000000000000
00000000000000000000000000000001
00000000000000000000000000000000
00000000000000000000000000000001
00000000000000000000000000000001
00000000000000000000000000000001
00000000000000000000000000000000
00000000000000000000000000000000
00000000000000000000000000000001
00000000000000000000000000000001
00000000000000000000000000000001
00000000000000000000000000000000
00000000000000000000000000000000
00000000000000000000000000000000
00000000000000000000000000000000
00000000000000000000000000000000
00000000000000000000000000000000
00000000000000000000000000000000
00000000000000000000000000000000
00000000000000000000000000000001
00000000000000000000000000000000
00000000000000000000000000000001
00000000000000000000000000000001
00000000000000000000000000000000
00000000000000000000000000000000
00000000000000000000000000000001
00000000000000000000000000000000
00000000000000000000000000000001
00000000000000000000000000000001
00000000000000000000000000000000
00000000000000000000000000000001
00000000000000000000000000000000
00000000000000000000000000000001
00000000000000000000000000000000
00000000000000000000000000000001
00000000000000000000000000000001
00000000000000000000000000000001
00000000000000000000000000000001
00000000000000000000000000000001
00000000000000000000000000000001
00000000000000000000000000000001
00000000000000000000000000000001
00000000000000000000000000000000
00000000000000000000000000000001
00000000000000000000000000000000
00000000000000000000000000000001
00000000000000000000000000000001
00000000000000000000000000000000
00000000000000000000000000000000
00000000000000000000000000000001
00000000000000000000000000000001
//data for pe1
00000000000000000000000000000000
00000000000000000000000000000001
00000000000000000000000000000001
00000000000000000000000000000000
00000000000000000000000000000000
00000000000000000000000000000001
00000000000000000000000000000000
00000000000000000000000000000000
00000000000000000000000000000001
00000000000000000000000000000001
00000000000000000000000000000001
00000000000000000000000000000001
00000000000000000000000000000001
00000000000000000000000000000000
00000000000000000000000000000001
00000000000000000000000000000000
00000000000000000000000000000001
00000000000000000000000000000001
00000000000000000000000000000001
00000000000000000000000000000001
00000000000000000000000000000000
00000000000000000000000000000000
00000000000000000000000000000000
00000000000000000000000000000000
00000000000000000000000000000001
00000000000000000000000000000001
00000000000000000000000000000001
00000000000000000000000000000001
00000000000000000000000000000000
00000000000000000000000000000000
00000000000000000000000000000001
00000000000000000000000000000000
00000000000000000000000000000001
00000000000000000000000000000001
00000000000000000000000000000000
00000000000000000000000000000000
00000000000000000000000000000001
00000000000000000000000000000000
00000000000000000000000000000001
00000000000000000000000000000000
00000000000000000000000000000000
00000000000000000000000000000001
00000000000000000000000000000000
00000000000000000000000000000000
00000000000000000000000000000000
00000000000000000000000000000001
00000000000000000000000000000001
00000000000000000000000000000001
00000000000000000000000000000001
00000000000000000000000000000000
00000000000000000000000000000000
00000000000000000000000000000000
00000000000000000000000000000001
00000000000000000000000000000000
00000000000000000000000000000001
00000000000000000000000000000001
00000000000000000000000000000001
00000000000000000000000000000001
00000000000000000000000000000001
00000000000000000000000000000000
00000000000000000000000000000001
00000000000000000000000000000000
00000000000000000000000000000000
00000000000000000000000000000000
00000000000000000000000000000001
00000000000000000000000000000000
00000000000000000000000000000001
00000000000000000000000000000001
00000000000000000000000000000000
00000000000000000000000000000000
00000000000000000000000000000001
00000000000000000000000000000001
00000000000000000000000000000001
00000000000000000000000000000000
00000000000000000000000000000001
00000000000000000000000000000000
00000000000000000000000000000000
00000000000000000000000000000000
00000000000000000000000000000000
00000000000000000000000000000001
