#EXEBLOCK0:
LD 0, 0, 0
LD 1, 0, 1
LD 2, 0, 2
LD 515, 0, 3
LD 516, 0, 4
LD 517, 0, 5
LD 518, 0, 6
LD 519, 0, 7
LD 520, 0, 8
LD 521, 0, 9
LD 522, 0, 10
LD 523, 0, 11
LD 524, 0, 12
LD 525, 0, 13
LD 526, 0, 14
LD 527, 0, 15
LD 528, 0, 16
LD 529, 0, 17
LD 530, 0, 18
LD 531, 0, 19
LD 532, 0, 20
LD 533, 0, 21
LD 534, 0, 22
LD 535, 0, 23
LD 536, 0, 24
LD 537, 0, 25
LD 538, 0, 26
LD 539, 0, 27
LD 540, 0, 28
LD 541, 0, 29
LD 542, 0, 30
LD 543, 0, 31
LD 544, 0, 32
LD 545, 0, 33
LD 546, 0, 34
LD 547, 0, 35
LD 548, 0, 36
LD 549, 0, 37
LD 550, 0, 38
MUL 0, 539, 539
MUL 1, 527, 527
MUL 2, 515, 515
PREREAD0 515, 0, 0
ADD 515, 527, 527
PREREAD0 527, 0, 0
ADD 527, 539, 539
MUL 0, 540, 540
MUL 1, 528, 528
MUL 2, 516, 516
PREREAD0 516, 0, 0
ADD 516, 528, 528
PREREAD0 528, 0, 0
ADD 528, 540, 540
MUL 0, 541, 541
MUL 1, 529, 529
MUL 2, 517, 517
PREREAD0 517, 0, 0
ADD 517, 529, 529
PREREAD0 529, 0, 0
ADD 529, 541, 541
MUL 0, 542, 542
MUL 1, 530, 530
MUL 2, 518, 518
PREREAD0 518, 0, 0
ADD 518, 530, 530
PREREAD0 530, 0, 0
ADD 530, 542, 542
MUL 0, 543, 543
MUL 1, 531, 531
MUL 2, 519, 519
PREREAD0 519, 0, 0
ADD 519, 531, 531
PREREAD0 531, 0, 0
ADD 531, 543, 543
MUL 0, 544, 544
MUL 1, 532, 532
MUL 2, 520, 520
PREREAD0 520, 0, 0
ADD 520, 532, 532
PREREAD0 532, 0, 0
ADD 532, 544, 544
MUL 0, 545, 545
MUL 1, 533, 533
MUL 2, 521, 521
PREREAD0 521, 0, 0
ADD 521, 533, 533
PREREAD0 533, 0, 0
ADD 533, 545, 545
MUL 0, 546, 546
MUL 1, 534, 534
MUL 2, 522, 522
PREREAD0 522, 0, 0
ADD 522, 534, 534
PREREAD0 534, 0, 0
ADD 534, 546, 546
MUL 0, 547, 547
MUL 1, 535, 535
MUL 2, 523, 523
PREREAD0 523, 0, 0
ADD 523, 535, 535
PREREAD0 535, 0, 0
ADD 535, 547, 547
MUL 0, 548, 548
MUL 1, 536, 536
MUL 2, 524, 524
PREREAD0 524, 0, 0
ADD 524, 536, 536
PREREAD0 536, 0, 0
ADD 536, 548, 548
MUL 0, 549, 549
MUL 1, 537, 537
MUL 2, 525, 525
PREREAD0 525, 0, 0
ADD 525, 537, 537
PREREAD0 537, 0, 0
ADD 537, 549, 549
MUL 0, 550, 550
MUL 1, 538, 538
MUL 2, 526, 526
PREREAD0 526, 0, 0
ADD 526, 538, 538
PREREAD0 538, 0, 0
ADD 538, 550, 550
#EXEBLOCK1:
LD 3, 0, 39
LD 4, 0, 40
LD 5, 0, 41
LD 551, 0, 42
LD 552, 0, 43
LD 553, 0, 44
LD 554, 0, 45
LD 555, 0, 46
LD 556, 0, 47
LD 557, 0, 48
LD 558, 0, 49
LD 559, 0, 50
LD 560, 0, 51
LD 561, 0, 52
LD 562, 0, 53
LD 563, 0, 54
LD 564, 0, 55
LD 565, 0, 56
LD 566, 0, 57
LD 567, 0, 58
LD 568, 0, 59
LD 569, 0, 60
LD 570, 0, 61
LD 571, 0, 62
LD 572, 0, 63
LD 573, 0, 64
LD 574, 0, 65
LD 575, 0, 66
LD 576, 0, 67
LD 577, 0, 68
LD 578, 0, 69
LD 579, 0, 70
LD 580, 0, 71
LD 581, 0, 72
LD 582, 0, 73
LD 583, 0, 74
LD 584, 0, 75
LD 585, 0, 76
LD 586, 0, 77
MUL 3, 575, 575
MUL 4, 563, 563
MUL 5, 551, 551
PREREAD0 551, 0, 0
ADD 551, 563, 563
PREREAD0 563, 0, 0
ADD 563, 575, 575
MUL 3, 576, 576
MUL 4, 564, 564
MUL 5, 552, 552
PREREAD0 552, 0, 0
ADD 552, 564, 564
PREREAD0 564, 0, 0
ADD 564, 576, 576
MUL 3, 577, 577
MUL 4, 565, 565
MUL 5, 553, 553
PREREAD0 553, 0, 0
ADD 553, 565, 565
PREREAD0 565, 0, 0
ADD 565, 577, 577
MUL 3, 578, 578
MUL 4, 566, 566
MUL 5, 554, 554
PREREAD0 554, 0, 0
ADD 554, 566, 566
PREREAD0 566, 0, 0
ADD 566, 578, 578
MUL 3, 579, 579
MUL 4, 567, 567
MUL 5, 555, 555
PREREAD0 555, 0, 0
ADD 555, 567, 567
PREREAD0 567, 0, 0
ADD 567, 579, 579
MUL 3, 580, 580
MUL 4, 568, 568
MUL 5, 556, 556
PREREAD0 556, 0, 0
ADD 556, 568, 568
PREREAD0 568, 0, 0
ADD 568, 580, 580
MUL 3, 581, 581
MUL 4, 569, 569
MUL 5, 557, 557
PREREAD0 557, 0, 0
ADD 557, 569, 569
PREREAD0 569, 0, 0
ADD 569, 581, 581
MUL 3, 582, 582
MUL 4, 570, 570
MUL 5, 558, 558
PREREAD0 558, 0, 0
ADD 558, 570, 570
PREREAD0 570, 0, 0
ADD 570, 582, 582
MUL 3, 583, 583
MUL 4, 571, 571
MUL 5, 559, 559
PREREAD0 559, 0, 0
ADD 559, 571, 571
PREREAD0 571, 0, 0
ADD 571, 583, 583
MUL 3, 584, 584
MUL 4, 572, 572
MUL 5, 560, 560
PREREAD0 560, 0, 0
ADD 560, 572, 572
PREREAD0 572, 0, 0
ADD 572, 584, 584
MUL 3, 585, 585
MUL 4, 573, 573
MUL 5, 561, 561
PREREAD0 561, 0, 0
ADD 561, 573, 573
PREREAD0 573, 0, 0
ADD 573, 585, 585
MUL 3, 586, 586
MUL 4, 574, 574
MUL 5, 562, 562
PREREAD0 562, 0, 0
ADD 562, 574, 574
PREREAD0 574, 0, 0
ADD 574, 586, 586
#EXEBLOCK2:
LD 6, 0, 78
LD 7, 0, 79
LD 8, 0, 80
LD 587, 0, 81
LD 588, 0, 82
LD 589, 0, 83
LD 590, 0, 84
LD 591, 0, 85
LD 592, 0, 86
LD 593, 0, 87
LD 594, 0, 88
LD 595, 0, 89
LD 596, 0, 90
LD 597, 0, 91
LD 598, 0, 92
LD 599, 0, 93
LD 600, 0, 94
LD 601, 0, 95
LD 602, 0, 96
LD 603, 0, 97
LD 604, 0, 98
LD 605, 0, 99
LD 606, 0, 100
LD 607, 0, 101
LD 608, 0, 102
LD 609, 0, 103
LD 610, 0, 104
LD 611, 0, 105
LD 612, 0, 106
LD 613, 0, 107
LD 614, 0, 108
LD 615, 0, 109
LD 616, 0, 110
LD 617, 0, 111
LD 618, 0, 112
LD 619, 0, 113
LD 620, 0, 114
LD 621, 0, 115
LD 622, 0, 116
MUL 6, 611, 611
MUL 7, 599, 599
MUL 8, 587, 587
PREREAD0 587, 0, 0
ADD 587, 599, 599
PREREAD0 599, 0, 0
ADD 599, 611, 611
MUL 6, 612, 612
MUL 7, 600, 600
MUL 8, 588, 588
PREREAD0 588, 0, 0
ADD 588, 600, 600
PREREAD0 600, 0, 0
ADD 600, 612, 612
MUL 6, 613, 613
MUL 7, 601, 601
MUL 8, 589, 589
PREREAD0 589, 0, 0
ADD 589, 601, 601
PREREAD0 601, 0, 0
ADD 601, 613, 613
MUL 6, 614, 614
MUL 7, 602, 602
MUL 8, 590, 590
PREREAD0 590, 0, 0
ADD 590, 602, 602
PREREAD0 602, 0, 0
ADD 602, 614, 614
MUL 6, 615, 615
MUL 7, 603, 603
MUL 8, 591, 591
PREREAD0 591, 0, 0
ADD 591, 603, 603
PREREAD0 603, 0, 0
ADD 603, 615, 615
MUL 6, 616, 616
MUL 7, 604, 604
MUL 8, 592, 592
PREREAD0 592, 0, 0
ADD 592, 604, 604
PREREAD0 604, 0, 0
ADD 604, 616, 616
MUL 6, 617, 617
MUL 7, 605, 605
MUL 8, 593, 593
PREREAD0 593, 0, 0
ADD 593, 605, 605
PREREAD0 605, 0, 0
ADD 605, 617, 617
MUL 6, 618, 618
MUL 7, 606, 606
MUL 8, 594, 594
PREREAD0 594, 0, 0
ADD 594, 606, 606
PREREAD0 606, 0, 0
ADD 606, 618, 618
MUL 6, 619, 619
MUL 7, 607, 607
MUL 8, 595, 595
PREREAD0 595, 0, 0
ADD 595, 607, 607
PREREAD0 607, 0, 0
ADD 607, 619, 619
MUL 6, 620, 620
MUL 7, 608, 608
MUL 8, 596, 596
PREREAD0 596, 0, 0
ADD 596, 608, 608
PREREAD0 608, 0, 0
ADD 608, 620, 620
MUL 6, 621, 621
MUL 7, 609, 609
MUL 8, 597, 597
PREREAD0 597, 0, 0
ADD 597, 609, 609
PREREAD0 609, 0, 0
ADD 609, 621, 621
MUL 6, 622, 622
MUL 7, 610, 610
MUL 8, 598, 598
PREREAD0 598, 0, 0
ADD 598, 610, 610
PREREAD0 610, 0, 0
ADD 610, 622, 622
#EXEBLOCK3:
LD 9, 0, 117
LD 10, 0, 118
LD 11, 0, 119
LD 623, 0, 120
LD 624, 0, 121
LD 625, 0, 122
LD 626, 0, 123
LD 627, 0, 124
LD 628, 0, 125
LD 629, 0, 126
LD 630, 0, 127
LD 631, 0, 128
LD 632, 0, 129
LD 633, 0, 130
LD 634, 0, 131
LD 635, 0, 132
LD 636, 0, 133
LD 637, 0, 134
LD 638, 0, 135
LD 639, 0, 136
LD 640, 0, 137
LD 641, 0, 138
LD 642, 0, 139
LD 643, 0, 140
LD 644, 0, 141
LD 645, 0, 142
LD 646, 0, 143
LD 647, 0, 144
LD 648, 0, 145
LD 649, 0, 146
LD 650, 0, 147
LD 651, 0, 148
LD 652, 0, 149
LD 653, 0, 150
LD 654, 0, 151
LD 655, 0, 152
LD 656, 0, 153
LD 657, 0, 154
LD 658, 0, 155
MUL 9, 647, 647
MUL 10, 635, 635
MUL 11, 623, 623
PREREAD0 623, 0, 0
ADD 623, 635, 635
PREREAD0 635, 0, 0
ADD 635, 647, 647
MUL 9, 648, 648
MUL 10, 636, 636
MUL 11, 624, 624
PREREAD0 624, 0, 0
ADD 624, 636, 636
PREREAD0 636, 0, 0
ADD 636, 648, 648
MUL 9, 649, 649
MUL 10, 637, 637
MUL 11, 625, 625
PREREAD0 625, 0, 0
ADD 625, 637, 637
PREREAD0 637, 0, 0
ADD 637, 649, 649
MUL 9, 650, 650
MUL 10, 638, 638
MUL 11, 626, 626
PREREAD0 626, 0, 0
ADD 626, 638, 638
PREREAD0 638, 0, 0
ADD 638, 650, 650
MUL 9, 651, 651
MUL 10, 639, 639
MUL 11, 627, 627
PREREAD0 627, 0, 0
ADD 627, 639, 639
PREREAD0 639, 0, 0
ADD 639, 651, 651
MUL 9, 652, 652
MUL 10, 640, 640
MUL 11, 628, 628
PREREAD0 628, 0, 0
ADD 628, 640, 640
PREREAD0 640, 0, 0
ADD 640, 652, 652
MUL 9, 653, 653
MUL 10, 641, 641
MUL 11, 629, 629
PREREAD0 629, 0, 0
ADD 629, 641, 641
PREREAD0 641, 0, 0
ADD 641, 653, 653
MUL 9, 654, 654
MUL 10, 642, 642
MUL 11, 630, 630
PREREAD0 630, 0, 0
ADD 630, 642, 642
PREREAD0 642, 0, 0
ADD 642, 654, 654
MUL 9, 655, 655
MUL 10, 643, 643
MUL 11, 631, 631
PREREAD0 631, 0, 0
ADD 631, 643, 643
PREREAD0 643, 0, 0
ADD 643, 655, 655
MUL 9, 656, 656
MUL 10, 644, 644
MUL 11, 632, 632
PREREAD0 632, 0, 0
ADD 632, 644, 644
PREREAD0 644, 0, 0
ADD 644, 656, 656
MUL 9, 657, 657
MUL 10, 645, 645
MUL 11, 633, 633
PREREAD0 633, 0, 0
ADD 633, 645, 645
PREREAD0 645, 0, 0
ADD 645, 657, 657
MUL 9, 658, 658
MUL 10, 646, 646
MUL 11, 634, 634
PREREAD0 634, 0, 0
ADD 634, 646, 646
PREREAD0 646, 0, 0
ADD 646, 658, 658
PREREAD0 647, 0, 0
ADD 647, 539, 647
PREREAD0 648, 0, 0
ADD 648, 540, 648
PREREAD0 649, 0, 0
ADD 649, 541, 649
PREREAD0 650, 0, 0
ADD 650, 542, 650
PREREAD0 651, 0, 0
ADD 651, 543, 651
PREREAD0 652, 0, 0
ADD 652, 544, 652
PREREAD0 653, 0, 0
ADD 653, 545, 653
PREREAD0 654, 0, 0
ADD 654, 546, 654
PREREAD0 655, 0, 0
ADD 655, 547, 655
PREREAD0 656, 0, 0
ADD 656, 548, 656
PREREAD0 657, 0, 0
ADD 657, 549, 657
PREREAD0 658, 0, 0
ADD 658, 550, 658
PREREAD0 647, 0, 0
ADD 647, 575, 647
PREREAD0 648, 0, 0
ADD 648, 576, 648
PREREAD0 649, 0, 0
ADD 649, 577, 649
PREREAD0 650, 0, 0
ADD 650, 578, 650
PREREAD0 651, 0, 0
ADD 651, 579, 651
PREREAD0 652, 0, 0
ADD 652, 580, 652
PREREAD0 653, 0, 0
ADD 653, 581, 653
PREREAD0 654, 0, 0
ADD 654, 582, 654
PREREAD0 655, 0, 0
ADD 655, 583, 655
PREREAD0 656, 0, 0
ADD 656, 584, 656
PREREAD0 657, 0, 0
ADD 657, 585, 657
PREREAD0 658, 0, 0
ADD 658, 586, 658
PREREAD0 647, 0, 0
ADD 647, 611, 647
PREREAD0 648, 0, 0
ADD 648, 612, 648
PREREAD0 649, 0, 0
ADD 649, 613, 649
PREREAD0 650, 0, 0
ADD 650, 614, 650
PREREAD0 651, 0, 0
ADD 651, 615, 651
PREREAD0 652, 0, 0
ADD 652, 616, 652
PREREAD0 653, 0, 0
ADD 653, 617, 653
PREREAD0 654, 0, 0
ADD 654, 618, 654
PREREAD0 655, 0, 0
ADD 655, 619, 655
PREREAD0 656, 0, 0
ADD 656, 620, 656
PREREAD0 657, 0, 0
ADD 657, 621, 657
PREREAD0 658, 0, 0
ADD 658, 622, 658
COPY 647, 75, 7
COPY 648, 76, 7
COPY 649, 77, 7
COPY 650, 78, 7
COPY 651, 79, 7
COPY 652, 80, 7
COPY 653, 81, 7
COPY 654, 82, 7
COPY 655, 83, 7
COPY 656, 84, 7
COPY 657, 85, 7
COPY 658, 86, 7
#EXEBLOCK4:
LD 0, 0, 156
LD 1, 0, 157
LD 2, 0, 158
LD 515, 0, 159
LD 516, 0, 160
LD 517, 0, 161
LD 518, 0, 162
LD 519, 0, 163
LD 520, 0, 164
LD 521, 0, 165
LD 522, 0, 166
LD 523, 0, 167
LD 524, 0, 168
LD 525, 0, 169
LD 526, 0, 170
LD 527, 0, 171
LD 528, 0, 172
LD 529, 0, 173
LD 530, 0, 174
LD 531, 0, 175
LD 532, 0, 176
LD 533, 0, 177
LD 534, 0, 178
LD 535, 0, 179
LD 536, 0, 180
LD 537, 0, 181
LD 538, 0, 182
LD 539, 0, 183
LD 540, 0, 184
LD 541, 0, 185
LD 542, 0, 186
LD 543, 0, 187
LD 544, 0, 188
LD 545, 0, 189
LD 546, 0, 190
LD 547, 0, 191
LD 548, 0, 192
LD 549, 0, 193
LD 550, 0, 194
MUL 0, 539, 539
MUL 1, 527, 527
MUL 2, 515, 515
PREREAD0 515, 0, 0
ADD 515, 527, 527
PREREAD0 527, 0, 0
ADD 527, 539, 539
MUL 0, 540, 540
MUL 1, 528, 528
MUL 2, 516, 516
PREREAD0 516, 0, 0
ADD 516, 528, 528
PREREAD0 528, 0, 0
ADD 528, 540, 540
MUL 0, 541, 541
MUL 1, 529, 529
MUL 2, 517, 517
PREREAD0 517, 0, 0
ADD 517, 529, 529
PREREAD0 529, 0, 0
ADD 529, 541, 541
MUL 0, 542, 542
MUL 1, 530, 530
MUL 2, 518, 518
PREREAD0 518, 0, 0
ADD 518, 530, 530
PREREAD0 530, 0, 0
ADD 530, 542, 542
MUL 0, 543, 543
MUL 1, 531, 531
MUL 2, 519, 519
PREREAD0 519, 0, 0
ADD 519, 531, 531
PREREAD0 531, 0, 0
ADD 531, 543, 543
MUL 0, 544, 544
MUL 1, 532, 532
MUL 2, 520, 520
PREREAD0 520, 0, 0
ADD 520, 532, 532
PREREAD0 532, 0, 0
ADD 532, 544, 544
MUL 0, 545, 545
MUL 1, 533, 533
MUL 2, 521, 521
PREREAD0 521, 0, 0
ADD 521, 533, 533
PREREAD0 533, 0, 0
ADD 533, 545, 545
MUL 0, 546, 546
MUL 1, 534, 534
MUL 2, 522, 522
PREREAD0 522, 0, 0
ADD 522, 534, 534
PREREAD0 534, 0, 0
ADD 534, 546, 546
MUL 0, 547, 547
MUL 1, 535, 535
MUL 2, 523, 523
PREREAD0 523, 0, 0
ADD 523, 535, 535
PREREAD0 535, 0, 0
ADD 535, 547, 547
MUL 0, 548, 548
MUL 1, 536, 536
MUL 2, 524, 524
PREREAD0 524, 0, 0
ADD 524, 536, 536
PREREAD0 536, 0, 0
ADD 536, 548, 548
MUL 0, 549, 549
MUL 1, 537, 537
MUL 2, 525, 525
PREREAD0 525, 0, 0
ADD 525, 537, 537
PREREAD0 537, 0, 0
ADD 537, 549, 549
MUL 0, 550, 550
MUL 1, 538, 538
MUL 2, 526, 526
PREREAD0 526, 0, 0
ADD 526, 538, 538
PREREAD0 538, 0, 0
ADD 538, 550, 550
#EXEBLOCK5:
LD 3, 0, 195
LD 4, 0, 196
LD 5, 0, 197
LD 551, 0, 198
LD 552, 0, 199
LD 553, 0, 200
LD 554, 0, 201
LD 555, 0, 202
LD 556, 0, 203
LD 557, 0, 204
LD 558, 0, 205
LD 559, 0, 206
LD 560, 0, 207
LD 561, 0, 208
LD 562, 0, 209
LD 563, 0, 210
LD 564, 0, 211
LD 565, 0, 212
LD 566, 0, 213
LD 567, 0, 214
LD 568, 0, 215
LD 569, 0, 216
LD 570, 0, 217
LD 571, 0, 218
LD 572, 0, 219
LD 573, 0, 220
LD 574, 0, 221
LD 575, 0, 222
LD 576, 0, 223
LD 577, 0, 224
LD 578, 0, 225
LD 579, 0, 226
LD 580, 0, 227
LD 581, 0, 228
LD 582, 0, 229
LD 583, 0, 230
LD 584, 0, 231
LD 585, 0, 232
LD 586, 0, 233
MUL 3, 575, 575
MUL 4, 563, 563
MUL 5, 551, 551
PREREAD0 551, 0, 0
ADD 551, 563, 563
PREREAD0 563, 0, 0
ADD 563, 575, 575
MUL 3, 576, 576
MUL 4, 564, 564
MUL 5, 552, 552
PREREAD0 552, 0, 0
ADD 552, 564, 564
PREREAD0 564, 0, 0
ADD 564, 576, 576
MUL 3, 577, 577
MUL 4, 565, 565
MUL 5, 553, 553
PREREAD0 553, 0, 0
ADD 553, 565, 565
PREREAD0 565, 0, 0
ADD 565, 577, 577
MUL 3, 578, 578
MUL 4, 566, 566
MUL 5, 554, 554
PREREAD0 554, 0, 0
ADD 554, 566, 566
PREREAD0 566, 0, 0
ADD 566, 578, 578
MUL 3, 579, 579
MUL 4, 567, 567
MUL 5, 555, 555
PREREAD0 555, 0, 0
ADD 555, 567, 567
PREREAD0 567, 0, 0
ADD 567, 579, 579
MUL 3, 580, 580
MUL 4, 568, 568
MUL 5, 556, 556
PREREAD0 556, 0, 0
ADD 556, 568, 568
PREREAD0 568, 0, 0
ADD 568, 580, 580
MUL 3, 581, 581
MUL 4, 569, 569
MUL 5, 557, 557
PREREAD0 557, 0, 0
ADD 557, 569, 569
PREREAD0 569, 0, 0
ADD 569, 581, 581
MUL 3, 582, 582
MUL 4, 570, 570
MUL 5, 558, 558
PREREAD0 558, 0, 0
ADD 558, 570, 570
PREREAD0 570, 0, 0
ADD 570, 582, 582
MUL 3, 583, 583
MUL 4, 571, 571
MUL 5, 559, 559
PREREAD0 559, 0, 0
ADD 559, 571, 571
PREREAD0 571, 0, 0
ADD 571, 583, 583
MUL 3, 584, 584
MUL 4, 572, 572
MUL 5, 560, 560
PREREAD0 560, 0, 0
ADD 560, 572, 572
PREREAD0 572, 0, 0
ADD 572, 584, 584
MUL 3, 585, 585
MUL 4, 573, 573
MUL 5, 561, 561
PREREAD0 561, 0, 0
ADD 561, 573, 573
PREREAD0 573, 0, 0
ADD 573, 585, 585
MUL 3, 586, 586
MUL 4, 574, 574
MUL 5, 562, 562
PREREAD0 562, 0, 0
ADD 562, 574, 574
PREREAD0 574, 0, 0
ADD 574, 586, 586
#EXEBLOCK6:
LD 6, 0, 234
LD 7, 0, 235
LD 8, 0, 236
LD 587, 0, 237
LD 588, 0, 238
LD 589, 0, 239
LD 590, 0, 240
LD 591, 0, 241
LD 592, 0, 242
LD 593, 0, 243
LD 594, 0, 244
LD 595, 0, 245
LD 596, 0, 246
LD 597, 0, 247
LD 598, 0, 248
LD 599, 0, 249
LD 600, 0, 250
LD 601, 0, 251
LD 602, 0, 252
LD 603, 0, 253
LD 604, 0, 254
LD 605, 0, 255
LD 606, 0, 256
LD 607, 0, 257
LD 608, 0, 258
LD 609, 0, 259
LD 610, 0, 260
LD 611, 0, 261
LD 612, 0, 262
LD 613, 0, 263
LD 614, 0, 264
LD 615, 0, 265
LD 616, 0, 266
LD 617, 0, 267
LD 618, 0, 268
LD 619, 0, 269
LD 620, 0, 270
LD 621, 0, 271
LD 622, 0, 272
MUL 6, 611, 611
MUL 7, 599, 599
MUL 8, 587, 587
PREREAD0 587, 0, 0
ADD 587, 599, 599
PREREAD0 599, 0, 0
ADD 599, 611, 611
MUL 6, 612, 612
MUL 7, 600, 600
MUL 8, 588, 588
PREREAD0 588, 0, 0
ADD 588, 600, 600
PREREAD0 600, 0, 0
ADD 600, 612, 612
MUL 6, 613, 613
MUL 7, 601, 601
MUL 8, 589, 589
PREREAD0 589, 0, 0
ADD 589, 601, 601
PREREAD0 601, 0, 0
ADD 601, 613, 613
MUL 6, 614, 614
MUL 7, 602, 602
MUL 8, 590, 590
PREREAD0 590, 0, 0
ADD 590, 602, 602
PREREAD0 602, 0, 0
ADD 602, 614, 614
MUL 6, 615, 615
MUL 7, 603, 603
MUL 8, 591, 591
PREREAD0 591, 0, 0
ADD 591, 603, 603
PREREAD0 603, 0, 0
ADD 603, 615, 615
MUL 6, 616, 616
MUL 7, 604, 604
MUL 8, 592, 592
PREREAD0 592, 0, 0
ADD 592, 604, 604
PREREAD0 604, 0, 0
ADD 604, 616, 616
MUL 6, 617, 617
MUL 7, 605, 605
MUL 8, 593, 593
PREREAD0 593, 0, 0
ADD 593, 605, 605
PREREAD0 605, 0, 0
ADD 605, 617, 617
MUL 6, 618, 618
MUL 7, 606, 606
MUL 8, 594, 594
PREREAD0 594, 0, 0
ADD 594, 606, 606
PREREAD0 606, 0, 0
ADD 606, 618, 618
MUL 6, 619, 619
MUL 7, 607, 607
MUL 8, 595, 595
PREREAD0 595, 0, 0
ADD 595, 607, 607
PREREAD0 607, 0, 0
ADD 607, 619, 619
MUL 6, 620, 620
MUL 7, 608, 608
MUL 8, 596, 596
PREREAD0 596, 0, 0
ADD 596, 608, 608
PREREAD0 608, 0, 0
ADD 608, 620, 620
MUL 6, 621, 621
MUL 7, 609, 609
MUL 8, 597, 597
PREREAD0 597, 0, 0
ADD 597, 609, 609
PREREAD0 609, 0, 0
ADD 609, 621, 621
MUL 6, 622, 622
MUL 7, 610, 610
MUL 8, 598, 598
PREREAD0 598, 0, 0
ADD 598, 610, 610
PREREAD0 610, 0, 0
ADD 610, 622, 622
#EXEBLOCK7:
LD 9, 0, 273
LD 10, 0, 274
LD 11, 0, 275
LD 623, 0, 276
LD 624, 0, 277
LD 625, 0, 278
LD 626, 0, 279
LD 627, 0, 280
LD 628, 0, 281
LD 629, 0, 282
LD 630, 0, 283
LD 631, 0, 284
LD 632, 0, 285
LD 633, 0, 286
LD 634, 0, 287
LD 635, 0, 288
LD 636, 0, 289
LD 637, 0, 290
LD 638, 0, 291
LD 639, 0, 292
LD 640, 0, 293
LD 641, 0, 294
LD 642, 0, 295
LD 643, 0, 296
LD 644, 0, 297
LD 645, 0, 298
LD 646, 0, 299
LD 647, 0, 300
LD 648, 0, 301
LD 649, 0, 302
LD 650, 0, 303
LD 651, 0, 304
LD 652, 0, 305
LD 653, 0, 306
LD 654, 0, 307
LD 655, 0, 308
LD 656, 0, 309
LD 657, 0, 310
LD 658, 0, 311
MUL 9, 647, 647
MUL 10, 635, 635
MUL 11, 623, 623
PREREAD0 623, 0, 0
ADD 623, 635, 635
PREREAD0 635, 0, 0
ADD 635, 647, 647
MUL 9, 648, 648
MUL 10, 636, 636
MUL 11, 624, 624
PREREAD0 624, 0, 0
ADD 624, 636, 636
PREREAD0 636, 0, 0
ADD 636, 648, 648
MUL 9, 649, 649
MUL 10, 637, 637
MUL 11, 625, 625
PREREAD0 625, 0, 0
ADD 625, 637, 637
PREREAD0 637, 0, 0
ADD 637, 649, 649
MUL 9, 650, 650
MUL 10, 638, 638
MUL 11, 626, 626
PREREAD0 626, 0, 0
ADD 626, 638, 638
PREREAD0 638, 0, 0
ADD 638, 650, 650
MUL 9, 651, 651
MUL 10, 639, 639
MUL 11, 627, 627
PREREAD0 627, 0, 0
ADD 627, 639, 639
PREREAD0 639, 0, 0
ADD 639, 651, 651
MUL 9, 652, 652
MUL 10, 640, 640
MUL 11, 628, 628
PREREAD0 628, 0, 0
ADD 628, 640, 640
PREREAD0 640, 0, 0
ADD 640, 652, 652
MUL 9, 653, 653
MUL 10, 641, 641
MUL 11, 629, 629
PREREAD0 629, 0, 0
ADD 629, 641, 641
PREREAD0 641, 0, 0
ADD 641, 653, 653
MUL 9, 654, 654
MUL 10, 642, 642
MUL 11, 630, 630
PREREAD0 630, 0, 0
ADD 630, 642, 642
PREREAD0 642, 0, 0
ADD 642, 654, 654
MUL 9, 655, 655
MUL 10, 643, 643
MUL 11, 631, 631
PREREAD0 631, 0, 0
ADD 631, 643, 643
PREREAD0 643, 0, 0
ADD 643, 655, 655
MUL 9, 656, 656
MUL 10, 644, 644
MUL 11, 632, 632
PREREAD0 632, 0, 0
ADD 632, 644, 644
PREREAD0 644, 0, 0
ADD 644, 656, 656
MUL 9, 657, 657
MUL 10, 645, 645
MUL 11, 633, 633
PREREAD0 633, 0, 0
ADD 633, 645, 645
PREREAD0 645, 0, 0
ADD 645, 657, 657
MUL 9, 658, 658
MUL 10, 646, 646
MUL 11, 634, 634
PREREAD0 634, 0, 0
ADD 634, 646, 646
PREREAD0 646, 0, 0
ADD 646, 658, 658
ADD 647, 75, 647
ADD 648, 76, 648
ADD 649, 77, 649
ADD 650, 78, 650
ADD 651, 79, 651
ADD 652, 80, 652
ADD 653, 81, 653
ADD 654, 82, 654
ADD 655, 83, 655
ADD 656, 84, 656
ADD 657, 85, 657
ADD 658, 86, 658
PREREAD0 647, 0, 0
ADD 647, 539, 647
PREREAD0 648, 0, 0
ADD 648, 540, 648
PREREAD0 649, 0, 0
ADD 649, 541, 649
PREREAD0 650, 0, 0
ADD 650, 542, 650
PREREAD0 651, 0, 0
ADD 651, 543, 651
PREREAD0 652, 0, 0
ADD 652, 544, 652
PREREAD0 653, 0, 0
ADD 653, 545, 653
PREREAD0 654, 0, 0
ADD 654, 546, 654
PREREAD0 655, 0, 0
ADD 655, 547, 655
PREREAD0 656, 0, 0
ADD 656, 548, 656
PREREAD0 657, 0, 0
ADD 657, 549, 657
PREREAD0 658, 0, 0
ADD 658, 550, 658
PREREAD0 647, 0, 0
ADD 647, 575, 647
PREREAD0 648, 0, 0
ADD 648, 576, 648
PREREAD0 649, 0, 0
ADD 649, 577, 649
PREREAD0 650, 0, 0
ADD 650, 578, 650
PREREAD0 651, 0, 0
ADD 651, 579, 651
PREREAD0 652, 0, 0
ADD 652, 580, 652
PREREAD0 653, 0, 0
ADD 653, 581, 653
PREREAD0 654, 0, 0
ADD 654, 582, 654
PREREAD0 655, 0, 0
ADD 655, 583, 655
PREREAD0 656, 0, 0
ADD 656, 584, 656
PREREAD0 657, 0, 0
ADD 657, 585, 657
PREREAD0 658, 0, 0
ADD 658, 586, 658
PREREAD0 647, 0, 0
ADD 647, 611, 647
PREREAD0 648, 0, 0
ADD 648, 612, 648
PREREAD0 649, 0, 0
ADD 649, 613, 649
PREREAD0 650, 0, 0
ADD 650, 614, 650
PREREAD0 651, 0, 0
ADD 651, 615, 651
PREREAD0 652, 0, 0
ADD 652, 616, 652
PREREAD0 653, 0, 0
ADD 653, 617, 653
PREREAD0 654, 0, 0
ADD 654, 618, 654
PREREAD0 655, 0, 0
ADD 655, 619, 655
PREREAD0 656, 0, 0
ADD 656, 620, 656
PREREAD0 657, 0, 0
ADD 657, 621, 657
PREREAD0 658, 0, 0
ADD 658, 622, 658
ST 647, 0, 0
ST 648, 0, 1
ST 649, 0, 2
ST 650, 0, 3
ST 651, 0, 4
ST 652, 0, 5
ST 653, 0, 6
ST 654, 0, 7
ST 655, 0, 8
ST 656, 0, 9
ST 657, 0, 10
ST 658, 0, 11
