//EXEBLOCK0:
1010000000000000
00000000000000000000000000000000
1010000000000010
00000000000000000000100000000000
1010000000000100
00000000000000000001000000000000
1010010000000110
00000000000000000001100000000000
1010010000001000
00000000000000000010000000000000
1010010000001010
00000000000000000010100000000000
1010010000001100
00000000000000000011000000000000
1010010000001110
00000000000000000011100000000000
1010010000010000
00000000000000000100000000000000
1010010000010010
00000000000000000100100000000000
1010010000010100
00000000000000000101000000000000
1010010000010110
00000000000000000101100000000000
1010010000011000
00000000000000000110000000000000
1010010000011010
00000000000000000110100000000000
1010010000011100
00000000000000000111000000000000
1010010000011110
00000000000000000111100000000000
1010010000100000
00000000000000001000000000000000
1010010000100010
00000000000000001000100000000000
1010010000100100
00000000000000001001000000000000
1010010000100110
00000000000000001001100000000000
1010010000101000
00000000000000001010000000000000
1010010000101010
00000000000000001010100000000000
1010010000101100
00000000000000001011000000000000
1010010000101110
00000000000000001011100000000000
1010010000110000
00000000000000001100000000000000
1010010000110010
00000000000000001100100000000000
1010010000110100
00000000000000001101000000000000
1010010000110110
00000000000000001101100000000000
1010010000111000
00000000000000001110000000000000
1010010000111010
00000000000000001110100000000000
1010010000111100
00000000000000001111000000000000
1010010000111110
00000000000000001111100000000000
1010010001000000
00000000000000010000000000000000
1010010001000010
00000000000000010000100000000000
1010010001000100
00000000000000010001000000000000
1010010001000110
00000000000000010001100000000000
1010010001001000
00000000000000010010000000000000
1010010001001010
00000000000000010010100000000000
1010010001001100
00000000000000010011000000000000
0010000000000000
10000110110100001101100000000000
0010000000000010
10000011110100000111100000000000
0010000000000100
10000000110100000001100000000000
1000010000000110
00000000000000000000000000000000
0000010000000110
10000011110100000111100000000000
1000010000011110
00000000000000000000000000000000
0000010000011110
10000110110100001101100000000000
0010000000000000
10000111000100001110000000000000
0010000000000010
10000100000100001000000000000000
0010000000000100
10000001000100000010000000000000
1000010000001000
00000000000000000000000000000000
0000010000001000
10000100000100001000000000000000
1000010000100000
00000000000000000000000000000000
0000010000100000
10000111000100001110000000000000
0010000000000000
10000111010100001110100000000000
0010000000000010
10000100010100001000100000000000
0010000000000100
10000001010100000010100000000000
1000010000001010
00000000000000000000000000000000
0000010000001010
10000100010100001000100000000000
1000010000100010
00000000000000000000000000000000
0000010000100010
10000111010100001110100000000000
0010000000000000
10000111100100001111000000000000
0010000000000010
10000100100100001001000000000000
0010000000000100
10000001100100000011000000000000
1000010000001100
00000000000000000000000000000000
0000010000001100
10000100100100001001000000000000
1000010000100100
00000000000000000000000000000000
0000010000100100
10000111100100001111000000000000
0010000000000000
10000111110100001111100000000000
0010000000000010
10000100110100001001100000000000
0010000000000100
10000001110100000011100000000000
1000010000001110
00000000000000000000000000000000
0000010000001110
10000100110100001001100000000000
1000010000100110
00000000000000000000000000000000
0000010000100110
10000111110100001111100000000000
0010000000000000
10001000000100010000000000000000
0010000000000010
10000101000100001010000000000000
0010000000000100
10000010000100000100000000000000
1000010000010000
00000000000000000000000000000000
0000010000010000
10000101000100001010000000000000
1000010000101000
00000000000000000000000000000000
0000010000101000
10001000000100010000000000000000
0010000000000000
10001000010100010000100000000000
0010000000000010
10000101010100001010100000000000
0010000000000100
10000010010100000100100000000000
1000010000010010
00000000000000000000000000000000
0000010000010010
10000101010100001010100000000000
1000010000101010
00000000000000000000000000000000
0000010000101010
10001000010100010000100000000000
0010000000000000
10001000100100010001000000000000
0010000000000010
10000101100100001011000000000000
0010000000000100
10000010100100000101000000000000
1000010000010100
00000000000000000000000000000000
0000010000010100
10000101100100001011000000000000
1000010000101100
00000000000000000000000000000000
0000010000101100
10001000100100010001000000000000
0010000000000000
10001000110100010001100000000000
0010000000000010
10000101110100001011100000000000
0010000000000100
10000010110100000101100000000000
1000010000010110
00000000000000000000000000000000
0000010000010110
10000101110100001011100000000000
1000010000101110
00000000000000000000000000000000
0000010000101110
10001000110100010001100000000000
0010000000000000
10001001000100010010000000000000
0010000000000010
10000110000100001100000000000000
0010000000000100
10000011000100000110000000000000
1000010000011000
00000000000000000000000000000000
0000010000011000
10000110000100001100000000000000
1000010000110000
00000000000000000000000000000000
0000010000110000
10001001000100010010000000000000
0010000000000000
10001001010100010010100000000000
0010000000000010
10000110010100001100100000000000
0010000000000100
10000011010100000110100000000000
1000010000011010
00000000000000000000000000000000
0000010000011010
10000110010100001100100000000000
1000010000110010
00000000000000000000000000000000
0000010000110010
10001001010100010010100000000000
0010000000000000
10001001100100010011000000000000
0010000000000010
10000110100100001101000000000000
0010000000000100
10000011100100000111000000000000
1000010000011100
00000000000000000000000000000000
0000010000011100
10000110100100001101000000000000
1000010000110100
00000000000000000000000000000000
0000010000110100
10001001100100010011000000000000
//EXEBLOCK1:
1010000000000110
00000000000000010011100000000000
1010000000001000
00000000000000010100000000000000
1010000000001010
00000000000000010100100000000000
1010010001001110
00000000000000010101000000000000
1010010001010000
00000000000000010101100000000000
1010010001010010
00000000000000010110000000000000
1010010001010100
00000000000000010110100000000000
1010010001010110
00000000000000010111000000000000
1010010001011000
00000000000000010111100000000000
1010010001011010
00000000000000011000000000000000
1010010001011100
00000000000000011000100000000000
1010010001011110
00000000000000011001000000000000
1010010001100000
00000000000000011001100000000000
1010010001100010
00000000000000011010000000000000
1010010001100100
00000000000000011010100000000000
1010010001100110
00000000000000011011000000000000
1010010001101000
00000000000000011011100000000000
1010010001101010
00000000000000011100000000000000
1010010001101100
00000000000000011100100000000000
1010010001101110
00000000000000011101000000000000
1010010001110000
00000000000000011101100000000000
1010010001110010
00000000000000011110000000000000
1010010001110100
00000000000000011110100000000000
1010010001110110
00000000000000011111000000000000
1010010001111000
00000000000000011111100000000000
1010010001111010
00000000000000100000000000000000
1010010001111100
00000000000000100000100000000000
1010010001111110
00000000000000100001000000000000
1010010010000000
00000000000000100001100000000000
1010010010000010
00000000000000100010000000000000
1010010010000100
00000000000000100010100000000000
1010010010000110
00000000000000100011000000000000
1010010010001000
00000000000000100011100000000000
1010010010001010
00000000000000100100000000000000
1010010010001100
00000000000000100100100000000000
1010010010001110
00000000000000100101000000000000
1010010010010000
00000000000000100101100000000000
1010010010010010
00000000000000100110000000000000
1010010010010100
00000000000000100110100000000000
0010000000000110
10001111110100011111100000000000
0010000000001000
10001100110100011001100000000000
0010000000001010
10001001110100010011100000000000
1000010001001110
00000000000000000000000000000000
0000010001001110
10001100110100011001100000000000
1000010001100110
00000000000000000000000000000000
0000010001100110
10001111110100011111100000000000
0010000000000110
10010000000100100000000000000000
0010000000001000
10001101000100011010000000000000
0010000000001010
10001010000100010100000000000000
1000010001010000
00000000000000000000000000000000
0000010001010000
10001101000100011010000000000000
1000010001101000
00000000000000000000000000000000
0000010001101000
10010000000100100000000000000000
0010000000000110
10010000010100100000100000000000
0010000000001000
10001101010100011010100000000000
0010000000001010
10001010010100010100100000000000
1000010001010010
00000000000000000000000000000000
0000010001010010
10001101010100011010100000000000
1000010001101010
00000000000000000000000000000000
0000010001101010
10010000010100100000100000000000
0010000000000110
10010000100100100001000000000000
0010000000001000
10001101100100011011000000000000
0010000000001010
10001010100100010101000000000000
1000010001010100
00000000000000000000000000000000
0000010001010100
10001101100100011011000000000000
1000010001101100
00000000000000000000000000000000
0000010001101100
10010000100100100001000000000000
0010000000000110
10010000110100100001100000000000
0010000000001000
10001101110100011011100000000000
0010000000001010
10001010110100010101100000000000
1000010001010110
00000000000000000000000000000000
0000010001010110
10001101110100011011100000000000
1000010001101110
00000000000000000000000000000000
0000010001101110
10010000110100100001100000000000
0010000000000110
10010001000100100010000000000000
0010000000001000
10001110000100011100000000000000
0010000000001010
10001011000100010110000000000000
1000010001011000
00000000000000000000000000000000
0000010001011000
10001110000100011100000000000000
1000010001110000
00000000000000000000000000000000
0000010001110000
10010001000100100010000000000000
0010000000000110
10010001010100100010100000000000
0010000000001000
10001110010100011100100000000000
0010000000001010
10001011010100010110100000000000
1000010001011010
00000000000000000000000000000000
0000010001011010
10001110010100011100100000000000
1000010001110010
00000000000000000000000000000000
0000010001110010
10010001010100100010100000000000
0010000000000110
10010001100100100011000000000000
0010000000001000
10001110100100011101000000000000
0010000000001010
10001011100100010111000000000000
1000010001011100
00000000000000000000000000000000
0000010001011100
10001110100100011101000000000000
1000010001110100
00000000000000000000000000000000
0000010001110100
10010001100100100011000000000000
0010000000000110
10010001110100100011100000000000
0010000000001000
10001110110100011101100000000000
0010000000001010
10001011110100010111100000000000
1000010001011110
00000000000000000000000000000000
0000010001011110
10001110110100011101100000000000
1000010001110110
00000000000000000000000000000000
0000010001110110
10010001110100100011100000000000
0010000000000110
10010010000100100100000000000000
0010000000001000
10001111000100011110000000000000
0010000000001010
10001100000100011000000000000000
1000010001100000
00000000000000000000000000000000
0000010001100000
10001111000100011110000000000000
1000010001111000
00000000000000000000000000000000
0000010001111000
10010010000100100100000000000000
0010000000000110
10010010010100100100100000000000
0010000000001000
10001111010100011110100000000000
0010000000001010
10001100010100011000100000000000
1000010001100010
00000000000000000000000000000000
0000010001100010
10001111010100011110100000000000
1000010001111010
00000000000000000000000000000000
0000010001111010
10010010010100100100100000000000
0010000000000110
10010010100100100101000000000000
0010000000001000
10001111100100011111000000000000
0010000000001010
10001100100100011001000000000000
1000010001100100
00000000000000000000000000000000
0000010001100100
10001111100100011111000000000000
1000010001111100
00000000000000000000000000000000
0000010001111100
10010010100100100101000000000000
//EXEBLOCK2:
1010000000001100
00000000000000100111000000000000
1010000000001110
00000000000000100111100000000000
1010000000010000
00000000000000101000000000000000
1010010010010110
00000000000000101000100000000000
1010010010011000
00000000000000101001000000000000
1010010010011010
00000000000000101001100000000000
1010010010011100
00000000000000101010000000000000
1010010010011110
00000000000000101010100000000000
1010010010100000
00000000000000101011000000000000
1010010010100010
00000000000000101011100000000000
1010010010100100
00000000000000101100000000000000
1010010010100110
00000000000000101100100000000000
1010010010101000
00000000000000101101000000000000
1010010010101010
00000000000000101101100000000000
1010010010101100
00000000000000101110000000000000
1010010010101110
00000000000000101110100000000000
1010010010110000
00000000000000101111000000000000
1010010010110010
00000000000000101111100000000000
1010010010110100
00000000000000110000000000000000
1010010010110110
00000000000000110000100000000000
1010010010111000
00000000000000110001000000000000
1010010010111010
00000000000000110001100000000000
1010010010111100
00000000000000110010000000000000
1010010010111110
00000000000000110010100000000000
1010010011000000
00000000000000110011000000000000
1010010011000010
00000000000000110011100000000000
1010010011000100
00000000000000110100000000000000
1010010011000110
00000000000000110100100000000000
1010010011001000
00000000000000110101000000000000
1010010011001010
00000000000000110101100000000000
1010010011001100
00000000000000110110000000000000
1010010011001110
00000000000000110110100000000000
1010010011010000
00000000000000110111000000000000
1010010011010010
00000000000000110111100000000000
1010010011010100
00000000000000111000000000000000
1010010011010110
00000000000000111000100000000000
1010010011011000
00000000000000111001000000000000
1010010011011010
00000000000000111001100000000000
1010010011011100
00000000000000111010000000000000
0010000000001100
10011000110100110001100000000000
0010000000001110
10010101110100101011100000000000
0010000000010000
10010010110100100101100000000000
1000010010010110
00000000000000000000000000000000
0000010010010110
10010101110100101011100000000000
1000010010101110
00000000000000000000000000000000
0000010010101110
10011000110100110001100000000000
0010000000001100
10011001000100110010000000000000
0010000000001110
10010110000100101100000000000000
0010000000010000
10010011000100100110000000000000
1000010010011000
00000000000000000000000000000000
0000010010011000
10010110000100101100000000000000
1000010010110000
00000000000000000000000000000000
0000010010110000
10011001000100110010000000000000
0010000000001100
10011001010100110010100000000000
0010000000001110
10010110010100101100100000000000
0010000000010000
10010011010100100110100000000000
1000010010011010
00000000000000000000000000000000
0000010010011010
10010110010100101100100000000000
1000010010110010
00000000000000000000000000000000
0000010010110010
10011001010100110010100000000000
0010000000001100
10011001100100110011000000000000
0010000000001110
10010110100100101101000000000000
0010000000010000
10010011100100100111000000000000
1000010010011100
00000000000000000000000000000000
0000010010011100
10010110100100101101000000000000
1000010010110100
00000000000000000000000000000000
0000010010110100
10011001100100110011000000000000
0010000000001100
10011001110100110011100000000000
0010000000001110
10010110110100101101100000000000
0010000000010000
10010011110100100111100000000000
1000010010011110
00000000000000000000000000000000
0000010010011110
10010110110100101101100000000000
1000010010110110
00000000000000000000000000000000
0000010010110110
10011001110100110011100000000000
0010000000001100
10011010000100110100000000000000
0010000000001110
10010111000100101110000000000000
0010000000010000
10010100000100101000000000000000
1000010010100000
00000000000000000000000000000000
0000010010100000
10010111000100101110000000000000
1000010010111000
00000000000000000000000000000000
0000010010111000
10011010000100110100000000000000
0010000000001100
10011010010100110100100000000000
0010000000001110
10010111010100101110100000000000
0010000000010000
10010100010100101000100000000000
1000010010100010
00000000000000000000000000000000
0000010010100010
10010111010100101110100000000000
1000010010111010
00000000000000000000000000000000
0000010010111010
10011010010100110100100000000000
0010000000001100
10011010100100110101000000000000
0010000000001110
10010111100100101111000000000000
0010000000010000
10010100100100101001000000000000
1000010010100100
00000000000000000000000000000000
0000010010100100
10010111100100101111000000000000
1000010010111100
00000000000000000000000000000000
0000010010111100
10011010100100110101000000000000
0010000000001100
10011010110100110101100000000000
0010000000001110
10010111110100101111100000000000
0010000000010000
10010100110100101001100000000000
1000010010100110
00000000000000000000000000000000
0000010010100110
10010111110100101111100000000000
1000010010111110
00000000000000000000000000000000
0000010010111110
10011010110100110101100000000000
0010000000001100
10011011000100110110000000000000
0010000000001110
10011000000100110000000000000000
0010000000010000
10010101000100101010000000000000
1000010010101000
00000000000000000000000000000000
0000010010101000
10011000000100110000000000000000
1000010011000000
00000000000000000000000000000000
0000010011000000
10011011000100110110000000000000
0010000000001100
10011011010100110110100000000000
0010000000001110
10011000010100110000100000000000
0010000000010000
10010101010100101010100000000000
1000010010101010
00000000000000000000000000000000
0000010010101010
10011000010100110000100000000000
1000010011000010
00000000000000000000000000000000
0000010011000010
10011011010100110110100000000000
0010000000001100
10011011100100110111000000000000
0010000000001110
10011000100100110001000000000000
0010000000010000
10010101100100101011000000000000
1000010010101100
00000000000000000000000000000000
0000010010101100
10011000100100110001000000000000
1000010011000100
00000000000000000000000000000000
0000010011000100
10011011100100110111000000000000
//EXEBLOCK3:
1010000000010010
00000000000000111010100000000000
1010000000010100
00000000000000111011000000000000
1010000000010110
00000000000000111011100000000000
1010010011011110
00000000000000111100000000000000
1010010011100000
00000000000000111100100000000000
1010010011100010
00000000000000111101000000000000
1010010011100100
00000000000000111101100000000000
1010010011100110
00000000000000111110000000000000
1010010011101000
00000000000000111110100000000000
1010010011101010
00000000000000111111000000000000
1010010011101100
00000000000000111111100000000000
1010010011101110
00000000000001000000000000000000
1010010011110000
00000000000001000000100000000000
1010010011110010
00000000000001000001000000000000
1010010011110100
00000000000001000001100000000000
1010010011110110
00000000000001000010000000000000
1010010011111000
00000000000001000010100000000000
1010010011111010
00000000000001000011000000000000
1010010011111100
00000000000001000011100000000000
1010010011111110
00000000000001000100000000000000
1010010100000000
00000000000001000100100000000000
1010010100000010
00000000000001000101000000000000
1010010100000100
00000000000001000101100000000000
1010010100000110
00000000000001000110000000000000
1010010100001000
00000000000001000110100000000000
1010010100001010
00000000000001000111000000000000
1010010100001100
00000000000001000111100000000000
1010010100001110
00000000000001001000000000000000
1010010100010000
00000000000001001000100000000000
1010010100010010
00000000000001001001000000000000
1010010100010100
00000000000001001001100000000000
1010010100010110
00000000000001001010000000000000
1010010100011000
00000000000001001010100000000000
1010010100011010
00000000000001001011000000000000
1010010100011100
00000000000001001011100000000000
1010010100011110
00000000000001001100000000000000
1010010100100000
00000000000001001100100000000000
1010010100100010
00000000000001001101000000000000
1010010100100100
00000000000001001101100000000000
0010000000010010
10100001110101000011100000000000
0010000000010100
10011110110100111101100000000000
0010000000010110
10011011110100110111100000000000
1000010011011110
00000000000000000000000000000000
0000010011011110
10011110110100111101100000000000
1000010011110110
00000000000000000000000000000000
0000010011110110
10100001110101000011100000000000
0010000000010010
10100010000101000100000000000000
0010000000010100
10011111000100111110000000000000
0010000000010110
10011100000100111000000000000000
1000010011100000
00000000000000000000000000000000
0000010011100000
10011111000100111110000000000000
1000010011111000
00000000000000000000000000000000
0000010011111000
10100010000101000100000000000000
0010000000010010
10100010010101000100100000000000
0010000000010100
10011111010100111110100000000000
0010000000010110
10011100010100111000100000000000
1000010011100010
00000000000000000000000000000000
0000010011100010
10011111010100111110100000000000
1000010011111010
00000000000000000000000000000000
0000010011111010
10100010010101000100100000000000
0010000000010010
10100010100101000101000000000000
0010000000010100
10011111100100111111000000000000
0010000000010110
10011100100100111001000000000000
1000010011100100
00000000000000000000000000000000
0000010011100100
10011111100100111111000000000000
1000010011111100
00000000000000000000000000000000
0000010011111100
10100010100101000101000000000000
0010000000010010
10100010110101000101100000000000
0010000000010100
10011111110100111111100000000000
0010000000010110
10011100110100111001100000000000
1000010011100110
00000000000000000000000000000000
0000010011100110
10011111110100111111100000000000
1000010011111110
00000000000000000000000000000000
0000010011111110
10100010110101000101100000000000
0010000000010010
10100011000101000110000000000000
0010000000010100
10100000000101000000000000000000
0010000000010110
10011101000100111010000000000000
1000010011101000
00000000000000000000000000000000
0000010011101000
10100000000101000000000000000000
1000010100000000
00000000000000000000000000000000
0000010100000000
10100011000101000110000000000000
0010000000010010
10100011010101000110100000000000
0010000000010100
10100000010101000000100000000000
0010000000010110
10011101010100111010100000000000
1000010011101010
00000000000000000000000000000000
0000010011101010
10100000010101000000100000000000
1000010100000010
00000000000000000000000000000000
0000010100000010
10100011010101000110100000000000
0010000000010010
10100011100101000111000000000000
0010000000010100
10100000100101000001000000000000
0010000000010110
10011101100100111011000000000000
1000010011101100
00000000000000000000000000000000
0000010011101100
10100000100101000001000000000000
1000010100000100
00000000000000000000000000000000
0000010100000100
10100011100101000111000000000000
0010000000010010
10100011110101000111100000000000
0010000000010100
10100000110101000001100000000000
0010000000010110
10011101110100111011100000000000
1000010011101110
00000000000000000000000000000000
0000010011101110
10100000110101000001100000000000
1000010100000110
00000000000000000000000000000000
0000010100000110
10100011110101000111100000000000
0010000000010010
10100100000101001000000000000000
0010000000010100
10100001000101000010000000000000
0010000000010110
10011110000100111100000000000000
1000010011110000
00000000000000000000000000000000
0000010011110000
10100001000101000010000000000000
1000010100001000
00000000000000000000000000000000
0000010100001000
10100100000101001000000000000000
0010000000010010
10100100010101001000100000000000
0010000000010100
10100001010101000010100000000000
0010000000010110
10011110010100111100100000000000
1000010011110010
00000000000000000000000000000000
0000010011110010
10100001010101000010100000000000
1000010100001010
00000000000000000000000000000000
0000010100001010
10100100010101001000100000000000
0010000000010010
10100100100101001001000000000000
0010000000010100
10100001100101000011000000000000
0010000000010110
10011110100100111101000000000000
1000010011110100
00000000000000000000000000000000
0000010011110100
10100001100101000011000000000000
1000010100001100
00000000000000000000000000000000
0000010100001100
10100100100101001001000000000000
1000010100001110
00000000000000000000000000000000
0000010100001110
10000110110101000011100000000000
1000010100010000
00000000000000000000000000000000
0000010100010000
10000111000101000100000000000000
1000010100010010
00000000000000000000000000000000
0000010100010010
10000111010101000100100000000000
1000010100010100
00000000000000000000000000000000
0000010100010100
10000111100101000101000000000000
1000010100010110
00000000000000000000000000000000
0000010100010110
10000111110101000101100000000000
1000010100011000
00000000000000000000000000000000
0000010100011000
10001000000101000110000000000000
1000010100011010
00000000000000000000000000000000
0000010100011010
10001000010101000110100000000000
1000010100011100
00000000000000000000000000000000
0000010100011100
10001000100101000111000000000000
1000010100011110
00000000000000000000000000000000
0000010100011110
10001000110101000111100000000000
1000010100100000
00000000000000000000000000000000
0000010100100000
10001001000101001000000000000000
1000010100100010
00000000000000000000000000000000
0000010100100010
10001001010101001000100000000000
1000010100100100
00000000000000000000000000000000
0000010100100100
10001001100101001001000000000000
1000010100001110
00000000000000000000000000000000
0000010100001110
10001111110101000011100000000000
1000010100010000
00000000000000000000000000000000
0000010100010000
10010000000101000100000000000000
1000010100010010
00000000000000000000000000000000
0000010100010010
10010000010101000100100000000000
1000010100010100
00000000000000000000000000000000
0000010100010100
10010000100101000101000000000000
1000010100010110
00000000000000000000000000000000
0000010100010110
10010000110101000101100000000000
1000010100011000
00000000000000000000000000000000
0000010100011000
10010001000101000110000000000000
1000010100011010
00000000000000000000000000000000
0000010100011010
10010001010101000110100000000000
1000010100011100
00000000000000000000000000000000
0000010100011100
10010001100101000111000000000000
1000010100011110
00000000000000000000000000000000
0000010100011110
10010001110101000111100000000000
1000010100100000
00000000000000000000000000000000
0000010100100000
10010010000101001000000000000000
1000010100100010
00000000000000000000000000000000
0000010100100010
10010010010101001000100000000000
1000010100100100
00000000000000000000000000000000
0000010100100100
10010010100101001001000000000000
1000010100001110
00000000000000000000000000000000
0000010100001110
10011000110101000011100000000000
1000010100010000
00000000000000000000000000000000
0000010100010000
10011001000101000100000000000000
1000010100010010
00000000000000000000000000000000
0000010100010010
10011001010101000100100000000000
1000010100010100
00000000000000000000000000000000
0000010100010100
10011001100101000101000000000000
1000010100010110
00000000000000000000000000000000
0000010100010110
10011001110101000101100000000000
1000010100011000
00000000000000000000000000000000
0000010100011000
10011010000101000110000000000000
1000010100011010
00000000000000000000000000000000
0000010100011010
10011010010101000110100000000000
1000010100011100
00000000000000000000000000000000
0000010100011100
10011010100101000111000000000000
1000010100011110
00000000000000000000000000000000
0000010100011110
10011010110101000111100000000000
1000010100100000
00000000000000000000000000000000
0000010100100000
10011011000101001000000000000000
1000010100100010
00000000000000000000000000000000
0000010100100010
10011011010101001000100000000000
1000010100100100
00000000000000000000000000000000
0000010100100100
10011011100101001001000000000000
1011010100001110
00010010110000000011100000000000
1011010100010000
00010011000000000011100000000000
1011010100010010
00010011010000000011100000000000
1011010100010100
00010011100000000011100000000000
1011010100010110
00010011110000000011100000000000
1011010100011000
00010100000000000011100000000000
1011010100011010
00010100010000000011100000000000
1011010100011100
00010100100000000011100000000000
1011010100011110
00010100110000000011100000000000
1011010100100000
00010101000000000011100000000000
1011010100100010
00010101010000000011100000000000
1011010100100100
00010101100000000011100000000000
//EXEBLOCK4:
1010000000000000
00000000000001001110000000000000
1010000000000010
00000000000001001110100000000000
1010000000000100
00000000000001001111000000000000
1010010000000110
00000000000001001111100000000000
1010010000001000
00000000000001010000000000000000
1010010000001010
00000000000001010000100000000000
1010010000001100
00000000000001010001000000000000
1010010000001110
00000000000001010001100000000000
1010010000010000
00000000000001010010000000000000
1010010000010010
00000000000001010010100000000000
1010010000010100
00000000000001010011000000000000
1010010000010110
00000000000001010011100000000000
1010010000011000
00000000000001010100000000000000
1010010000011010
00000000000001010100100000000000
1010010000011100
00000000000001010101000000000000
1010010000011110
00000000000001010101100000000000
1010010000100000
00000000000001010110000000000000
1010010000100010
00000000000001010110100000000000
1010010000100100
00000000000001010111000000000000
1010010000100110
00000000000001010111100000000000
1010010000101000
00000000000001011000000000000000
1010010000101010
00000000000001011000100000000000
1010010000101100
00000000000001011001000000000000
1010010000101110
00000000000001011001100000000000
1010010000110000
00000000000001011010000000000000
1010010000110010
00000000000001011010100000000000
1010010000110100
00000000000001011011000000000000
1010010000110110
00000000000001011011100000000000
1010010000111000
00000000000001011100000000000000
1010010000111010
00000000000001011100100000000000
1010010000111100
00000000000001011101000000000000
1010010000111110
00000000000001011101100000000000
1010010001000000
00000000000001011110000000000000
1010010001000010
00000000000001011110100000000000
1010010001000100
00000000000001011111000000000000
1010010001000110
00000000000001011111100000000000
1010010001001000
00000000000001100000000000000000
1010010001001010
00000000000001100000100000000000
1010010001001100
00000000000001100001000000000000
0010000000000000
10000110110100001101100000000000
0010000000000010
10000011110100000111100000000000
0010000000000100
10000000110100000001100000000000
1000010000000110
00000000000000000000000000000000
0000010000000110
10000011110100000111100000000000
1000010000011110
00000000000000000000000000000000
0000010000011110
10000110110100001101100000000000
0010000000000000
10000111000100001110000000000000
0010000000000010
10000100000100001000000000000000
0010000000000100
10000001000100000010000000000000
1000010000001000
00000000000000000000000000000000
0000010000001000
10000100000100001000000000000000
1000010000100000
00000000000000000000000000000000
0000010000100000
10000111000100001110000000000000
0010000000000000
10000111010100001110100000000000
0010000000000010
10000100010100001000100000000000
0010000000000100
10000001010100000010100000000000
1000010000001010
00000000000000000000000000000000
0000010000001010
10000100010100001000100000000000
1000010000100010
00000000000000000000000000000000
0000010000100010
10000111010100001110100000000000
0010000000000000
10000111100100001111000000000000
0010000000000010
10000100100100001001000000000000
0010000000000100
10000001100100000011000000000000
1000010000001100
00000000000000000000000000000000
0000010000001100
10000100100100001001000000000000
1000010000100100
00000000000000000000000000000000
0000010000100100
10000111100100001111000000000000
0010000000000000
10000111110100001111100000000000
0010000000000010
10000100110100001001100000000000
0010000000000100
10000001110100000011100000000000
1000010000001110
00000000000000000000000000000000
0000010000001110
10000100110100001001100000000000
1000010000100110
00000000000000000000000000000000
0000010000100110
10000111110100001111100000000000
0010000000000000
10001000000100010000000000000000
0010000000000010
10000101000100001010000000000000
0010000000000100
10000010000100000100000000000000
1000010000010000
00000000000000000000000000000000
0000010000010000
10000101000100001010000000000000
1000010000101000
00000000000000000000000000000000
0000010000101000
10001000000100010000000000000000
0010000000000000
10001000010100010000100000000000
0010000000000010
10000101010100001010100000000000
0010000000000100
10000010010100000100100000000000
1000010000010010
00000000000000000000000000000000
0000010000010010
10000101010100001010100000000000
1000010000101010
00000000000000000000000000000000
0000010000101010
10001000010100010000100000000000
0010000000000000
10001000100100010001000000000000
0010000000000010
10000101100100001011000000000000
0010000000000100
10000010100100000101000000000000
1000010000010100
00000000000000000000000000000000
0000010000010100
10000101100100001011000000000000
1000010000101100
00000000000000000000000000000000
0000010000101100
10001000100100010001000000000000
0010000000000000
10001000110100010001100000000000
0010000000000010
10000101110100001011100000000000
0010000000000100
10000010110100000101100000000000
1000010000010110
00000000000000000000000000000000
0000010000010110
10000101110100001011100000000000
1000010000101110
00000000000000000000000000000000
0000010000101110
10001000110100010001100000000000
0010000000000000
10001001000100010010000000000000
0010000000000010
10000110000100001100000000000000
0010000000000100
10000011000100000110000000000000
1000010000011000
00000000000000000000000000000000
0000010000011000
10000110000100001100000000000000
1000010000110000
00000000000000000000000000000000
0000010000110000
10001001000100010010000000000000
0010000000000000
10001001010100010010100000000000
0010000000000010
10000110010100001100100000000000
0010000000000100
10000011010100000110100000000000
1000010000011010
00000000000000000000000000000000
0000010000011010
10000110010100001100100000000000
1000010000110010
00000000000000000000000000000000
0000010000110010
10001001010100010010100000000000
0010000000000000
10001001100100010011000000000000
0010000000000010
10000110100100001101000000000000
0010000000000100
10000011100100000111000000000000
1000010000011100
00000000000000000000000000000000
0000010000011100
10000110100100001101000000000000
1000010000110100
00000000000000000000000000000000
0000010000110100
10001001100100010011000000000000
//EXEBLOCK5:
1010000000000110
00000000000001100001100000000000
1010000000001000
00000000000001100010000000000000
1010000000001010
00000000000001100010100000000000
1010010001001110
00000000000001100011000000000000
1010010001010000
00000000000001100011100000000000
1010010001010010
00000000000001100100000000000000
1010010001010100
00000000000001100100100000000000
1010010001010110
00000000000001100101000000000000
1010010001011000
00000000000001100101100000000000
1010010001011010
00000000000001100110000000000000
1010010001011100
00000000000001100110100000000000
1010010001011110
00000000000001100111000000000000
1010010001100000
00000000000001100111100000000000
1010010001100010
00000000000001101000000000000000
1010010001100100
00000000000001101000100000000000
1010010001100110
00000000000001101001000000000000
1010010001101000
00000000000001101001100000000000
1010010001101010
00000000000001101010000000000000
1010010001101100
00000000000001101010100000000000
1010010001101110
00000000000001101011000000000000
1010010001110000
00000000000001101011100000000000
1010010001110010
00000000000001101100000000000000
1010010001110100
00000000000001101100100000000000
1010010001110110
00000000000001101101000000000000
1010010001111000
00000000000001101101100000000000
1010010001111010
00000000000001101110000000000000
1010010001111100
00000000000001101110100000000000
1010010001111110
00000000000001101111000000000000
1010010010000000
00000000000001101111100000000000
1010010010000010
00000000000001110000000000000000
1010010010000100
00000000000001110000100000000000
1010010010000110
00000000000001110001000000000000
1010010010001000
00000000000001110001100000000000
1010010010001010
00000000000001110010000000000000
1010010010001100
00000000000001110010100000000000
1010010010001110
00000000000001110011000000000000
1010010010010000
00000000000001110011100000000000
1010010010010010
00000000000001110100000000000000
1010010010010100
00000000000001110100100000000000
0010000000000110
10001111110100011111100000000000
0010000000001000
10001100110100011001100000000000
0010000000001010
10001001110100010011100000000000
1000010001001110
00000000000000000000000000000000
0000010001001110
10001100110100011001100000000000
1000010001100110
00000000000000000000000000000000
0000010001100110
10001111110100011111100000000000
0010000000000110
10010000000100100000000000000000
0010000000001000
10001101000100011010000000000000
0010000000001010
10001010000100010100000000000000
1000010001010000
00000000000000000000000000000000
0000010001010000
10001101000100011010000000000000
1000010001101000
00000000000000000000000000000000
0000010001101000
10010000000100100000000000000000
0010000000000110
10010000010100100000100000000000
0010000000001000
10001101010100011010100000000000
0010000000001010
10001010010100010100100000000000
1000010001010010
00000000000000000000000000000000
0000010001010010
10001101010100011010100000000000
1000010001101010
00000000000000000000000000000000
0000010001101010
10010000010100100000100000000000
0010000000000110
10010000100100100001000000000000
0010000000001000
10001101100100011011000000000000
0010000000001010
10001010100100010101000000000000
1000010001010100
00000000000000000000000000000000
0000010001010100
10001101100100011011000000000000
1000010001101100
00000000000000000000000000000000
0000010001101100
10010000100100100001000000000000
0010000000000110
10010000110100100001100000000000
0010000000001000
10001101110100011011100000000000
0010000000001010
10001010110100010101100000000000
1000010001010110
00000000000000000000000000000000
0000010001010110
10001101110100011011100000000000
1000010001101110
00000000000000000000000000000000
0000010001101110
10010000110100100001100000000000
0010000000000110
10010001000100100010000000000000
0010000000001000
10001110000100011100000000000000
0010000000001010
10001011000100010110000000000000
1000010001011000
00000000000000000000000000000000
0000010001011000
10001110000100011100000000000000
1000010001110000
00000000000000000000000000000000
0000010001110000
10010001000100100010000000000000
0010000000000110
10010001010100100010100000000000
0010000000001000
10001110010100011100100000000000
0010000000001010
10001011010100010110100000000000
1000010001011010
00000000000000000000000000000000
0000010001011010
10001110010100011100100000000000
1000010001110010
00000000000000000000000000000000
0000010001110010
10010001010100100010100000000000
0010000000000110
10010001100100100011000000000000
0010000000001000
10001110100100011101000000000000
0010000000001010
10001011100100010111000000000000
1000010001011100
00000000000000000000000000000000
0000010001011100
10001110100100011101000000000000
1000010001110100
00000000000000000000000000000000
0000010001110100
10010001100100100011000000000000
0010000000000110
10010001110100100011100000000000
0010000000001000
10001110110100011101100000000000
0010000000001010
10001011110100010111100000000000
1000010001011110
00000000000000000000000000000000
0000010001011110
10001110110100011101100000000000
1000010001110110
00000000000000000000000000000000
0000010001110110
10010001110100100011100000000000
0010000000000110
10010010000100100100000000000000
0010000000001000
10001111000100011110000000000000
0010000000001010
10001100000100011000000000000000
1000010001100000
00000000000000000000000000000000
0000010001100000
10001111000100011110000000000000
1000010001111000
00000000000000000000000000000000
0000010001111000
10010010000100100100000000000000
0010000000000110
10010010010100100100100000000000
0010000000001000
10001111010100011110100000000000
0010000000001010
10001100010100011000100000000000
1000010001100010
00000000000000000000000000000000
0000010001100010
10001111010100011110100000000000
1000010001111010
00000000000000000000000000000000
0000010001111010
10010010010100100100100000000000
0010000000000110
10010010100100100101000000000000
0010000000001000
10001111100100011111000000000000
0010000000001010
10001100100100011001000000000000
1000010001100100
00000000000000000000000000000000
0000010001100100
10001111100100011111000000000000
1000010001111100
00000000000000000000000000000000
0000010001111100
10010010100100100101000000000000
//EXEBLOCK6:
1010000000001100
00000000000001110101000000000000
1010000000001110
00000000000001110101100000000000
1010000000010000
00000000000001110110000000000000
1010010010010110
00000000000001110110100000000000
1010010010011000
00000000000001110111000000000000
1010010010011010
00000000000001110111100000000000
1010010010011100
00000000000001111000000000000000
1010010010011110
00000000000001111000100000000000
1010010010100000
00000000000001111001000000000000
1010010010100010
00000000000001111001100000000000
1010010010100100
00000000000001111010000000000000
1010010010100110
00000000000001111010100000000000
1010010010101000
00000000000001111011000000000000
1010010010101010
00000000000001111011100000000000
1010010010101100
00000000000001111100000000000000
1010010010101110
00000000000001111100100000000000
1010010010110000
00000000000001111101000000000000
1010010010110010
00000000000001111101100000000000
1010010010110100
00000000000001111110000000000000
1010010010110110
00000000000001111110100000000000
1010010010111000
00000000000001111111000000000000
1010010010111010
00000000000001111111100000000000
1010010010111100
00000000000010000000000000000000
1010010010111110
00000000000010000000100000000000
1010010011000000
00000000000010000001000000000000
1010010011000010
00000000000010000001100000000000
1010010011000100
00000000000010000010000000000000
1010010011000110
00000000000010000010100000000000
1010010011001000
00000000000010000011000000000000
1010010011001010
00000000000010000011100000000000
1010010011001100
00000000000010000100000000000000
1010010011001110
00000000000010000100100000000000
1010010011010000
00000000000010000101000000000000
1010010011010010
00000000000010000101100000000000
1010010011010100
00000000000010000110000000000000
1010010011010110
00000000000010000110100000000000
1010010011011000
00000000000010000111000000000000
1010010011011010
00000000000010000111100000000000
1010010011011100
00000000000010001000000000000000
0010000000001100
10011000110100110001100000000000
0010000000001110
10010101110100101011100000000000
0010000000010000
10010010110100100101100000000000
1000010010010110
00000000000000000000000000000000
0000010010010110
10010101110100101011100000000000
1000010010101110
00000000000000000000000000000000
0000010010101110
10011000110100110001100000000000
0010000000001100
10011001000100110010000000000000
0010000000001110
10010110000100101100000000000000
0010000000010000
10010011000100100110000000000000
1000010010011000
00000000000000000000000000000000
0000010010011000
10010110000100101100000000000000
1000010010110000
00000000000000000000000000000000
0000010010110000
10011001000100110010000000000000
0010000000001100
10011001010100110010100000000000
0010000000001110
10010110010100101100100000000000
0010000000010000
10010011010100100110100000000000
1000010010011010
00000000000000000000000000000000
0000010010011010
10010110010100101100100000000000
1000010010110010
00000000000000000000000000000000
0000010010110010
10011001010100110010100000000000
0010000000001100
10011001100100110011000000000000
0010000000001110
10010110100100101101000000000000
0010000000010000
10010011100100100111000000000000
1000010010011100
00000000000000000000000000000000
0000010010011100
10010110100100101101000000000000
1000010010110100
00000000000000000000000000000000
0000010010110100
10011001100100110011000000000000
0010000000001100
10011001110100110011100000000000
0010000000001110
10010110110100101101100000000000
0010000000010000
10010011110100100111100000000000
1000010010011110
00000000000000000000000000000000
0000010010011110
10010110110100101101100000000000
1000010010110110
00000000000000000000000000000000
0000010010110110
10011001110100110011100000000000
0010000000001100
10011010000100110100000000000000
0010000000001110
10010111000100101110000000000000
0010000000010000
10010100000100101000000000000000
1000010010100000
00000000000000000000000000000000
0000010010100000
10010111000100101110000000000000
1000010010111000
00000000000000000000000000000000
0000010010111000
10011010000100110100000000000000
0010000000001100
10011010010100110100100000000000
0010000000001110
10010111010100101110100000000000
0010000000010000
10010100010100101000100000000000
1000010010100010
00000000000000000000000000000000
0000010010100010
10010111010100101110100000000000
1000010010111010
00000000000000000000000000000000
0000010010111010
10011010010100110100100000000000
0010000000001100
10011010100100110101000000000000
0010000000001110
10010111100100101111000000000000
0010000000010000
10010100100100101001000000000000
1000010010100100
00000000000000000000000000000000
0000010010100100
10010111100100101111000000000000
1000010010111100
00000000000000000000000000000000
0000010010111100
10011010100100110101000000000000
0010000000001100
10011010110100110101100000000000
0010000000001110
10010111110100101111100000000000
0010000000010000
10010100110100101001100000000000
1000010010100110
00000000000000000000000000000000
0000010010100110
10010111110100101111100000000000
1000010010111110
00000000000000000000000000000000
0000010010111110
10011010110100110101100000000000
0010000000001100
10011011000100110110000000000000
0010000000001110
10011000000100110000000000000000
0010000000010000
10010101000100101010000000000000
1000010010101000
00000000000000000000000000000000
0000010010101000
10011000000100110000000000000000
1000010011000000
00000000000000000000000000000000
0000010011000000
10011011000100110110000000000000
0010000000001100
10011011010100110110100000000000
0010000000001110
10011000010100110000100000000000
0010000000010000
10010101010100101010100000000000
1000010010101010
00000000000000000000000000000000
0000010010101010
10011000010100110000100000000000
1000010011000010
00000000000000000000000000000000
0000010011000010
10011011010100110110100000000000
0010000000001100
10011011100100110111000000000000
0010000000001110
10011000100100110001000000000000
0010000000010000
10010101100100101011000000000000
1000010010101100
00000000000000000000000000000000
0000010010101100
10011000100100110001000000000000
1000010011000100
00000000000000000000000000000000
0000010011000100
10011011100100110111000000000000
//EXEBLOCK7:
1010000000010010
00000000000010001000100000000000
1010000000010100
00000000000010001001000000000000
1010000000010110
00000000000010001001100000000000
1010010011011110
00000000000010001010000000000000
1010010011100000
00000000000010001010100000000000
1010010011100010
00000000000010001011000000000000
1010010011100100
00000000000010001011100000000000
1010010011100110
00000000000010001100000000000000
1010010011101000
00000000000010001100100000000000
1010010011101010
00000000000010001101000000000000
1010010011101100
00000000000010001101100000000000
1010010011101110
00000000000010001110000000000000
1010010011110000
00000000000010001110100000000000
1010010011110010
00000000000010001111000000000000
1010010011110100
00000000000010001111100000000000
1010010011110110
00000000000010010000000000000000
1010010011111000
00000000000010010000100000000000
1010010011111010
00000000000010010001000000000000
1010010011111100
00000000000010010001100000000000
1010010011111110
00000000000010010010000000000000
1010010100000000
00000000000010010010100000000000
1010010100000010
00000000000010010011000000000000
1010010100000100
00000000000010010011100000000000
1010010100000110
00000000000010010100000000000000
1010010100001000
00000000000010010100100000000000
1010010100001010
00000000000010010101000000000000
1010010100001100
00000000000010010101100000000000
1010010100001110
00000000000010010110000000000000
1010010100010000
00000000000010010110100000000000
1010010100010010
00000000000010010111000000000000
1010010100010100
00000000000010010111100000000000
1010010100010110
00000000000010011000000000000000
1010010100011000
00000000000010011000100000000000
1010010100011010
00000000000010011001000000000000
1010010100011100
00000000000010011001100000000000
1010010100011110
00000000000010011010000000000000
1010010100100000
00000000000010011010100000000000
1010010100100010
00000000000010011011000000000000
1010010100100100
00000000000010011011100000000000
0010000000010010
10100001110101000011100000000000
0010000000010100
10011110110100111101100000000000
0010000000010110
10011011110100110111100000000000
1000010011011110
00000000000000000000000000000000
0000010011011110
10011110110100111101100000000000
1000010011110110
00000000000000000000000000000000
0000010011110110
10100001110101000011100000000000
0010000000010010
10100010000101000100000000000000
0010000000010100
10011111000100111110000000000000
0010000000010110
10011100000100111000000000000000
1000010011100000
00000000000000000000000000000000
0000010011100000
10011111000100111110000000000000
1000010011111000
00000000000000000000000000000000
0000010011111000
10100010000101000100000000000000
0010000000010010
10100010010101000100100000000000
0010000000010100
10011111010100111110100000000000
0010000000010110
10011100010100111000100000000000
1000010011100010
00000000000000000000000000000000
0000010011100010
10011111010100111110100000000000
1000010011111010
00000000000000000000000000000000
0000010011111010
10100010010101000100100000000000
0010000000010010
10100010100101000101000000000000
0010000000010100
10011111100100111111000000000000
0010000000010110
10011100100100111001000000000000
1000010011100100
00000000000000000000000000000000
0000010011100100
10011111100100111111000000000000
1000010011111100
00000000000000000000000000000000
0000010011111100
10100010100101000101000000000000
0010000000010010
10100010110101000101100000000000
0010000000010100
10011111110100111111100000000000
0010000000010110
10011100110100111001100000000000
1000010011100110
00000000000000000000000000000000
0000010011100110
10011111110100111111100000000000
1000010011111110
00000000000000000000000000000000
0000010011111110
10100010110101000101100000000000
0010000000010010
10100011000101000110000000000000
0010000000010100
10100000000101000000000000000000
0010000000010110
10011101000100111010000000000000
1000010011101000
00000000000000000000000000000000
0000010011101000
10100000000101000000000000000000
1000010100000000
00000000000000000000000000000000
0000010100000000
10100011000101000110000000000000
0010000000010010
10100011010101000110100000000000
0010000000010100
10100000010101000000100000000000
0010000000010110
10011101010100111010100000000000
1000010011101010
00000000000000000000000000000000
0000010011101010
10100000010101000000100000000000
1000010100000010
00000000000000000000000000000000
0000010100000010
10100011010101000110100000000000
0010000000010010
10100011100101000111000000000000
0010000000010100
10100000100101000001000000000000
0010000000010110
10011101100100111011000000000000
1000010011101100
00000000000000000000000000000000
0000010011101100
10100000100101000001000000000000
1000010100000100
00000000000000000000000000000000
0000010100000100
10100011100101000111000000000000
0010000000010010
10100011110101000111100000000000
0010000000010100
10100000110101000001100000000000
0010000000010110
10011101110100111011100000000000
1000010011101110
00000000000000000000000000000000
0000010011101110
10100000110101000001100000000000
1000010100000110
00000000000000000000000000000000
0000010100000110
10100011110101000111100000000000
0010000000010010
10100100000101001000000000000000
0010000000010100
10100001000101000010000000000000
0010000000010110
10011110000100111100000000000000
1000010011110000
00000000000000000000000000000000
0000010011110000
10100001000101000010000000000000
1000010100001000
00000000000000000000000000000000
0000010100001000
10100100000101001000000000000000
0010000000010010
10100100010101001000100000000000
0010000000010100
10100001010101000010100000000000
0010000000010110
10011110010100111100100000000000
1000010011110010
00000000000000000000000000000000
0000010011110010
10100001010101000010100000000000
1000010100001010
00000000000000000000000000000000
0000010100001010
10100100010101001000100000000000
0010000000010010
10100100100101001001000000000000
0010000000010100
10100001100101000011000000000000
0010000000010110
10011110100100111101000000000000
1000010011110100
00000000000000000000000000000000
0000010011110100
10100001100101000011000000000000
1000010100001100
00000000000000000000000000000000
0000010100001100
10100100100101001001000000000000
0000010100001110
00010010110101000011100000000000
0000010100010000
00010011000101000100000000000000
0000010100010010
00010011010101000100100000000000
0000010100010100
00010011100101000101000000000000
0000010100010110
00010011110101000101100000000000
0000010100011000
00010100000101000110000000000000
0000010100011010
00010100010101000110100000000000
0000010100011100
00010100100101000111000000000000
0000010100011110
00010100110101000111100000000000
0000010100100000
00010101000101001000000000000000
0000010100100010
00010101010101001000100000000000
0000010100100100
00010101100101001001000000000000
1000010100001110
00000000000000000000000000000000
0000010100001110
10000110110101000011100000000000
1000010100010000
00000000000000000000000000000000
0000010100010000
10000111000101000100000000000000
1000010100010010
00000000000000000000000000000000
0000010100010010
10000111010101000100100000000000
1000010100010100
00000000000000000000000000000000
0000010100010100
10000111100101000101000000000000
1000010100010110
00000000000000000000000000000000
0000010100010110
10000111110101000101100000000000
1000010100011000
00000000000000000000000000000000
0000010100011000
10001000000101000110000000000000
1000010100011010
00000000000000000000000000000000
0000010100011010
10001000010101000110100000000000
1000010100011100
00000000000000000000000000000000
0000010100011100
10001000100101000111000000000000
1000010100011110
00000000000000000000000000000000
0000010100011110
10001000110101000111100000000000
1000010100100000
00000000000000000000000000000000
0000010100100000
10001001000101001000000000000000
1000010100100010
00000000000000000000000000000000
0000010100100010
10001001010101001000100000000000
1000010100100100
00000000000000000000000000000000
0000010100100100
10001001100101001001000000000000
1000010100001110
00000000000000000000000000000000
0000010100001110
10001111110101000011100000000000
1000010100010000
00000000000000000000000000000000
0000010100010000
10010000000101000100000000000000
1000010100010010
00000000000000000000000000000000
0000010100010010
10010000010101000100100000000000
1000010100010100
00000000000000000000000000000000
0000010100010100
10010000100101000101000000000000
1000010100010110
00000000000000000000000000000000
0000010100010110
10010000110101000101100000000000
1000010100011000
00000000000000000000000000000000
0000010100011000
10010001000101000110000000000000
1000010100011010
00000000000000000000000000000000
0000010100011010
10010001010101000110100000000000
1000010100011100
00000000000000000000000000000000
0000010100011100
10010001100101000111000000000000
1000010100011110
00000000000000000000000000000000
0000010100011110
10010001110101000111100000000000
1000010100100000
00000000000000000000000000000000
0000010100100000
10010010000101001000000000000000
1000010100100010
00000000000000000000000000000000
0000010100100010
10010010010101001000100000000000
1000010100100100
00000000000000000000000000000000
0000010100100100
10010010100101001001000000000000
1000010100001110
00000000000000000000000000000000
0000010100001110
10011000110101000011100000000000
1000010100010000
00000000000000000000000000000000
0000010100010000
10011001000101000100000000000000
1000010100010010
00000000000000000000000000000000
0000010100010010
10011001010101000100100000000000
1000010100010100
00000000000000000000000000000000
0000010100010100
10011001100101000101000000000000
1000010100010110
00000000000000000000000000000000
0000010100010110
10011001110101000101100000000000
1000010100011000
00000000000000000000000000000000
0000010100011000
10011010000101000110000000000000
1000010100011010
00000000000000000000000000000000
0000010100011010
10011010010101000110100000000000
1000010100011100
00000000000000000000000000000000
0000010100011100
10011010100101000111000000000000
1000010100011110
00000000000000000000000000000000
0000010100011110
10011010110101000111100000000000
1000010100100000
00000000000000000000000000000000
0000010100100000
10011011000101001000000000000000
1000010100100010
00000000000000000000000000000000
0000010100100010
10011011010101001000100000000000
1000010100100100
00000000000000000000000000000000
0000010100100100
10011011100101001001000000000000
1100010100001110
00000000000000000000000000000000
1100010100010000
00000000000000000000100000000000
1100010100010010
00000000000000000001000000000000
1100010100010100
00000000000000000001100000000000
1100010100010110
00000000000000000010000000000000
1100010100011000
00000000000000000010100000000000
1100010100011010
00000000000000000011000000000000
1100010100011100
00000000000000000011100000000000
1100010100011110
00000000000000000100000000000000
1100010100100000
00000000000000000100100000000000
1100010100100010
00000000000000000101000000000000
1100010100100100
00000000000000000101100000000000
