00000000000000000000001100010111
00000000100000110000000001100111
00100000000000000000010100110111
00000000000001010000010100010011
00110000000000000000010110110111
00000000000001011000010110010011
00000000000001010010000000100011
00000000000100000000000010010011
00000000000101010010001000100011
00000000000100000000000010010011
00000000000101010010010000100011
00000000000001010010011000100011
00000000000001010010100000100011
00000000000001010010101000100011
00000000000001010010110000100011
00000000011100000000000010010011
00000000000101011010000000100011
00000000011000000000000010010011
00000000000101011010001000100011
00000000100100000000000010010011
00000000000101011010010000100011
00000000000100000000000010010011
00000000000101011010011000100011
00000000011100000000000010010011
00000000000101011010100000100011
00001111111100000000000010010011
00000000000101011010101000100011
00000000000101011010110000100011
00000000000101011010111000100011
00000010000101011010000000100011
00000010000101011010001000100011
00000010000101011010010000100011
00000010000101011010011000100011
00000010000101011010100000100011
00000000000000000000000010010011
00000010000101011010101000100011
00000000010000000000000010010011
00000010000101011010110000100011
00001111111100000000000010010011
00000010000101011010111000100011
00001111111100000000000010010011
00000100000101011010000000100011
00000000101101110010000010110111
10110000000000001000000010010011
00000100000101011010001000100011
00000000000100000000010100010011
01110100110000000000000011101111
10000000000000000000000110110111
11111111000000011000000110010011
00000000000000000000000000010011
00000000000000000000000000010011
11111111000000000000000110010011
00000000000000000000000000010011
00000000001000000000110110010011
00000000000000000000110100010011
00000000000000000000110010010011
00000010010000000000110000010011
00000000000000000000101110010011
00000000000000000010001100110111
10011001000000110000001100010011
00000000000000000001111000110111
00110001000011100000111000010011
00000100100000000000010110010011
00000000000100000000001110010011
00000000011100110010000000100011
00000000011111100010000000100011
00000000010000110000001100010011
00000000010011100000111000010011
11111111111101011000010110010011
00000000000000000000001110010011
11111110000001011001010011100011
00010000000000000000010100110111
00000000000001010000010100010011
00000000000100000000010110010011
00000000101101010010000000100011
00000000000000000001010100110111
00001000000001010000010100010011
00000000000000000001010110110111
00010000110001011000010110010011
11100000000000000000011000110111
00000000000001100000011000010011
00000000100100000000011010010011
01101100110000000000000011101111
00000000000000000001010100110111
11111111000001010000010100010011
00000000000000000001010110110111
00000111110001011000010110010011
11100000000000000000011000110111
00000000000001100000011000010011
00000000100100000000011010010011
01101010110000000000000011101111
00000000000000000001010100110111
11110110000001010000010100010011
00000000000000000001010110110111
11111110110001011000010110010011
11100000000000000000011000110111
00000000000001100000011000010011
00000000100100000000011010010011
01101000110000000000000011101111
00000000000000000001010100110111
11101101000001010000010100010011
00000000000000000001010110110111
11110101110001011000010110010011
11100000000000000000011000110111
00000000000001100000011000010011
00000000100100000000011010010011
01100110110000000000000011101111
00000000000000000001010100110111
11100100000001010000010100010011
00000000000000000001010110110111
11101100110001011000010110010011
11100000000000000000011000110111
00000000000001100000011000010011
00000000100100000000011010010011
01100100110000000000000011101111
00000000000000000001010100110111
11011011000001010000010100010011
00000000000000000001010110110111
11100011110001011000010110010011
11100000000000000000011000110111
00000000000001100000011000010011
00000000100100000000011010010011
01100010110000000000000011101111
00000000000000000001010100110111
11010010000001010000010100010011
00000000000000000001010110110111
11011010110001011000010110010011
11100000000000000000011000110111
00000000000001100000011000010011
00000000100100000000011010010011
01100000110000000000000011101111
00000000000000000001010100110111
11001001000001010000010100010011
00000000000000000001010110110111
11010001110001011000010110010011
11100000000000000000011000110111
00000000000001100000011000010011
00000000100100000000011010010011
01011110110000000000000011101111
00000000000000000001010100110111
11000000000001010000010100010011
00000000000000000001010110110111
11001000110001011000010110010011
11100000000000000000011000110111
00000000000001100000011000010011
00000000100100000000011010010011
01011100110000000000000011101111
00000000000110111000101110010011
11100000000000000000001010110111
00000000000000101000001010010011
11111111111100000000011000010011
00000000000000101010001100000011
11111110110000110001111011100011
11100000000000000000001010110111
00000000010000101000001010010011
00000000111100000000011000010011
00000000000000101010001100000011
11111110110000110001111011100011
11100000000000000000001110110111
00001000010000111000001110010011
00000010010000000000011010010011
00000000000000111010001100000011
11111110110100110001111011100011
00010000000000000000010100110111
00000000000001010000010100010011
00000000000000000000010110010011
00000000101101010010000000100011
11110000000111000111001100110111
01100110010000110000001100010011
11110000000111000111010110110111
01100110110001011000010110010011
00000000000000000001111000110111
00110001000011100000111000010011
00000000000000000010111010110111
10011001000011101000111010010011
00000000110000000000011010010011
00111111000000000000000011101111
11110000010001110010001100110111
00010001000000110000001100010011
11110000010001110010010110110111
00010001100001011000010110010011
00000000000000000001111000110111
00110100000011100000111000010011
00000000000000000010111010110111
10011100000011101000111010010011
00000000110000000000011010010011
00111100100000000000000011101111
11110000011100011101001100110111
10111011100000110000001100010011
11110000011100011101010110110111
10111100000001011000010110010011
00000000000000000001111000110111
00110111000011100000111000010011
00000000000000000010111010110111
10011111000011101000111010010011
00000000110000000000011010010011
00111010000000000000000011101111
00000000001000000000010100010011
00000000000010111000010001100011
00000000000100000000010100010011
01001110010000000000000011101111
10000000000000000000000110110111
11111111000000011000000110010011
00000000000000000000000000010011
00000000000000000000000000010011
00000000000000000000111000010011
00000000000000000000111010010011
00000000000011001000010000010011
00000000000001000000100001100011
00000001100011100000111000110011
11111111111101000000010000010011
11111111010111111111000001101111
00000000000000000001010100110111
00110001000001010000010100010011
00000000000000000001010110110111
00110011110001011000010110010011
11110000000000000000011000110111
01000000000001100000011000010011
00000001110001010000010100110011
01000101110000000000000011101111
00000000000000000001010100110111
00110100000001010000010100010011
00000000000000000001010110110111
00110110110001011000010110010011
11110000000011100100011000110111
11001110010001100000011000010011
00000001110001010000010100110011
01000011110000000000000011101111
00000000000000000001010100110111
00110111000001010000010100010011
00000000000000000001010110110111
00111001110001011000010110010011
11110000000111000111011000110111
01011100100001100000011000010011
00000001110001010000010100110011
01000001110000000000000011101111
00000000000000000001010100110111
00110001000001010000010100010011
00000000000000000001010110110111
00110011110001011000010110010011
11110000001010101011011000110111
11101010110001100000011000010011
00000001110001010000010100110011
00111111110000000000000011101111
00000000000000000001010100110111
00110100000001010000010100010011
00000000000000000001010110110111
00110110110001011000010110010011
11110000001110001110011000110111
01111001000001100000011000010011
00000001110001010000010100110011
00111101110000000000000011101111
00000000000000000001010100110111
00110111000001010000010100010011
00000000000000000001010110110111
00111001110001011000010110010011
11110000010001110010011000110111
00000111010001100000011000010011
00000001110001010000010100110011
00111011110000000000000011101111
00000000000000000001010100110111
00110001000001010000010100010011
00000000000000000001010110110111
00110011110001011000010110010011
11110000010101010110011000110111
10010101100001100000011000010011
00000001110001010000010100110011
00111001110000000000000011101111
00000000000000000001010100110111
00110100000001010000010100010011
00000000000000000001010110110111
00110110110001011000010110010011
11110000011000111001011000110111
00100011100001100000011000010011
00000001110001010000010100110011
00110111110000000000000011101111
00000000000000000001010100110111
00110111000001010000010100010011
00000000000000000001010110110111
00111001110001011000010110010011
11110000011100011101011000110111
10110001110001100000011000010011
00000001110001010000010100110011
00110101110000000000000011101111
11100000000000000000010100110111
00000101110001010000010100010011
00000000000100000000010110010011
00000000101101010010000000100011
00000000000000000000010110010011
00000000101101010010000000100011
00010000000000000000010100110111
00000000000001010000010100010011
00000000000100000000010110010011
00000000101101010010000000100011
00000000000000000001010100110111
00001000000001010000010100010011
00000000000000000001010110110111
00010000110001011000010110010011
11100000000000000000011000110111
00000000000001100000011000010011
00000000100100000000011010010011
00110110000000000000000011101111
00000000000000000001010100110111
11111111000001010000010100010011
00000000000000000001010110110111
00000111110001011000010110010011
11100000000000000000011000110111
00000000000001100000011000010011
00000000100100000000011010010011
00110100000000000000000011101111
00000000000000000001010100110111
11110110000001010000010100010011
00000000000000000001010110110111
11111110110001011000010110010011
11100000000000000000011000110111
00000000000001100000011000010011
00000000100100000000011010010011
00110010000000000000000011101111
00000000000000000001010100110111
11101101000001010000010100010011
00000000000000000001010110110111
11110101110001011000010110010011
11100000000000000000011000110111
00000000000001100000011000010011
00000000100100000000011010010011
00110000000000000000000011101111
00000000000000000001010100110111
11100100000001010000010100010011
00000000000000000001010110110111
11101100110001011000010110010011
11100000000000000000011000110111
00000000000001100000011000010011
00000000100100000000011010010011
00101110000000000000000011101111
00000000000000000001010100110111
11011011000001010000010100010011
00000000000000000001010110110111
11100011110001011000010110010011
11100000000000000000011000110111
00000000000001100000011000010011
00000000100100000000011010010011
00101100000000000000000011101111
00000000000000000001010100110111
11010010000001010000010100010011
00000000000000000001010110110111
11011010110001011000010110010011
11100000000000000000011000110111
00000000000001100000011000010011
00000000100100000000011010010011
00101010000000000000000011101111
00000000000000000001010100110111
11001001000001010000010100010011
00000000000000000001010110110111
11010001110001011000010110010011
11100000000000000000011000110111
00000000000001100000011000010011
00000000100100000000011010010011
00101000000000000000000011101111
00000000000000000001010100110111
11000000000001010000010100010011
00000000000000000001010110110111
11001000110001011000010110010011
11100000000000000000011000110111
00000000000001100000011000010011
00000000100100000000011010010011
00100110000000000000000011101111
00000000000110111000101110010011
11100000000000000000001010110111
00000000000000101000001010010011
11111111111100000000011000010011
00000000000000101010001100000011
11111110110000110001111011100011
11100000000000000000001010110111
00000000010000101000001010010011
00000000111100000000011000010011
00000000000000101010001100000011
11111110110000110001111011100011
11100000000000000000001110110111
00001000010000111000001110010011
00000010010000000000011010010011
00000000000000111010001100000011
11111110110100110001111011100011
00010000000000000000010100110111
00000000000001010000010100010011
00000000000000000000010110010011
00000000101101010010000000100011
11110000000111000111001100110111
01100110010000110000001100010011
11110000000111000111010110110111
01100110110001011000010110010011
00000000000000000001111000110111
00110001000011100000111000010011
00000000000000000010111010110111
10011001000011101000111010010011
00000000110000000000011010010011
00001000010000000000000011101111
11110000010001110010001100110111
00010001000000110000001100010011
11110000010001110010010110110111
00010001100001011000010110010011
00000000000000000001111000110111
00110100000011100000111000010011
00000000000000000010111010110111
10011100000011101000111010010011
00000000110000000000011010010011
00000101110000000000000011101111
11110000011100011101001100110111
10111011100000110000001100010011
11110000011100011101010110110111
10111100000001011000010110010011
00000000000000000001111000110111
00110111000011100000111000010011
00000000000000000010111010110111
10011111000011101000111010010011
00000000110000000000011010010011
00000011010000000000000011101111
00000000010000000000010100010011
11001000101010111001100011100011
00000000000011010000101001100011
00000000000000000000110100010011
00000000000111011000110110010011
00000000000000000000101110010011
11000111110111111111000001101111
00000000111100000000010100010011
00010110010000000000000011101111
00000000111100000000010100010011
00000000000000000000010110010011
00000000101101010010000000100011
11111111111100000000011000010011
00000000000011001000010000010011
00000000000001000000101001100011
00000001100011100000111000110011
00000001100011101000111010110011
11111111111101000000010000010011
11111111000111111111000001101111
00000000000000110010010000000011
00000000000000110010010010000011
00000000000000110010100100000011
00000000000000110010100110000011
11111111111101101000011010010011
00001000000001101000010001100011
00000000000101101000011010010011
11111111111001101000011010010011
00000100000001101000111001100011
00000000001001101000011010010011
11111111110101101000011010010011
00000010000001101000100001100011
00000000001101101000011010010011
11111111110001101000011010010011
00000000000001101000001001100011
00000000110011101010111100000011
00000001111000000011111100110011
00000000000111110100111100010011
00000001111010011111100110110011
00000001001111100010011000100011
00000000000010011000011001100011
00000001101111101010011000100011
00000000000100000000110100010011
00000000100011101010111100000011
00000001111000000011111100110011
00000000000111110100111100010011
00000001111010010111100100110011
00000001001011100010010000100011
00000000000010010000011001100011
00000001101111101010010000100011
00000000000100000000110100010011
00000000010011101010111100000011
00000001111000000011111100110011
00000000000111110100111100010011
00000001111001001111010010110011
00000000100111100010001000100011
00000000000001001000011001100011
00000001101111101010001000100011
00000000000100000000110100010011
00000000000011101010111100000011
00000001111000000011111100110011
00000000000111110100111100010011
00000001111001000111010000110011
00000000100011100010000000100011
00000000000001000000011001100011
00000001101111101010000000100011
00000000000100000000110100010011
00000000011001011100110001100011
00000000000001101000101001100011
00000000010000110000001100010011
00000001000011100000111000010011
00000001000011101000111010010011
11110011000111111111000001101111
00000000000000001000000001100111
00000000000001010000001010010011
00000000000001100000001100010011
00000000010101011100110001100011
00000000000000101010001110000011
00000000011100110010000000100011
00000000010000101000001010010011
00000000010000110000001100010011
11111110110111111111000001101111
00000000000000001000000001100111
00000000000001010000001010010011
00000000000001100000001100010011
00000010010101011100100001100011
00000000000000101010001110000011
00000000011100110010000000100011
00000000010000101010001110000011
00000000011100110010000000100011
00000000100000101010001110000011
00000000011100110010000000100011
00000000110000101010001110000011
00000000011100110010000000100011
00000001000000101000001010010011
00000000010000110000001100010011
11111101010111111111000001101111
00000000000000001000000001100111
00000000000000000001001110110111
00110000100000111000001110010011
00000000101000111010000000100011
00000000000000001000000001100111
00000000000001010000001010010011
00000000000001100000001100010011
00000000000001101000111000010011
00000010010101011100010001100011
00000000000000101010001110000011
00000000011100110010000000100011
00000000010000101000001010010011
00000000010000110000001100010011
11111111111111100000111000010011
00000000000011100001011001100011
00000000000001100000001100010011
00000000000001101000111000010011
11111101110111111111000001101111
00000000000000001000000001100111

@300
00000000000000000000000000000000
00000010011100000000000001100011
00011000110001100011000010011100
00000110001100011000110001100011
00000000000000000000000000000100
00000000000000000000011111111111
00000000000000000000000000000000
00000000000000000000010000000000
00000000000000000000010010011100


@309
01010000000000000000000000000000
00010010011101000000000101100011
01011000110101100011010010011100
00010110001101011000110101100011
00000000000000111000111000111100
00000000000000000000011111111111
00000000000000000000000000000001
00000000000000000000010000000000
00000000000000000000010010011100


@312
10100000000000000000000000000000
00100010011110000000001001100011
10011000111001100011100010011100
00100110001110011000111001100011
00000000000001110001110001110100
00000000000000000000011111111111
00000000000000000000000000000010
00000000000000000000010000000000
00000000000000000000010010011100


@31b
11110000000000000000000000000000
00110010011111000000001110010011
11100001111110000111110010011100
00111001001111100100111110010011
00000000000010101010101010101100
00000000000000000000011111111111
00000000000000000000000000000011
00000000000000000000010000000000
00000000000000000000010010011100


@324
00000000000000000000000000000000
01000010011100000000000001100011
00011000110001100011000010011100
00000110001100011000110001100011
00000000000011100011100011100100
00000000000000000000011111111111
00000000000000000000000000000100
00000000000011100011110011100100
00000000000011100011110110000000


@32d
01010000000000000000000000000000
01010010011101000000000101100011
01011000110101100011010010011100
00010110001101011000110101100011
00000000000100011100011100100000
00000000000000000000011111111111
00000000000000000000000000000101
00000000000011100011110011100100
00000000000011100011110110000000


@336
10100000000000000000000000000000
01100010011110000000001001100011
10011000111001100011100010011100
00100110001110011000111001100011
00000000000101010101010101011000
00000000000000000000011111111111
00000000000000000000000000000110
00000000000011100011110011100100
00000000000011100011110110000000


@33f
11110000000000000000000000000000
01110010011111000000001110011111
11100100111110010011110010011100
00111001111111100111111110011111
00000000000110001110001110010000
00000000000000000000011111111111
00000000000000000000000000000111
00000000000011100011110011100100
00000000000011100011110110000000


@348
00000000000000000000000000000000
10000010011100000000000001100011
00011000110001100011000010011100
00000110001100011000110001100011
00000000000111000111000111001000
00000000000000000000011111111111
00000000000000000000000000001000
00000000000111000111010111001000
00000000000111000111011001100100


@351
01010000000000000000000000000000
10010010011101000000000101100011
01011000110101100011010010011100
00010110001101011000110101100011
00000000001000000000000000000100
00000000000000000000011111111111
00000000000000000000000000001001
00000000000111000111010111001000
00000000000111000111011001100100


@35a
10100000000000000000000000000000
10100010011110000000001001100011
10011000111001100011100010011100
00100110001110011000111001100011
00000000001000111000111000111100
00000000000000000000011111111111
00000000000000000000000000001010
00000000000111000111010111001000
00000000000111000111011001100100


@363
11110000000000000000000000000000
10110010011111000000001110110111
11101010111110101011110010011100
00111011011111101010111110101011
00000000001001110001110001110100
00000000000000001100000001001011
00000000000000000000000000001011
00000000000111000111010111001000
00000000000111000111011001100100


@36c
00000000000000000000000000000000
11000010011100000000000001100011
00011000110001100011000010011100
00000110001100011000110001100011
00000000001010101010101010101100
00000000000000000000011111111111
00000000000000000000000000001100
00000000001010101010111010101100
00000000001010101010111101001000


@375
01010000000000000000000000000000
11010010011101000000000101100011
01011000110101100011010010011100
00010110001101011000110101100011
00000000001011100011100011100100
00000000000000000000011111111111
00000000000000000000000000001101
00000000001010101010111010101100
00000000001010101010111101001000


@37e
10100000000000000000000000000000
11100010011110000000001001100011
10011000111001100011100010011100
00100110001110011000111001100011
00000000001100011100011100100000
00000000000000000000011111111111
00000000000000000000000000001110
00000000001010101010111010101100
00000000001010101010111101001000


@387
11110000000000000000000000000000
11110010011111000000001110011111
11100100111110010011110010011100
00111001111111100111111110011111
00000000001101010101010101011000
00000000000000000000011111111111
00000000000000000000000000001111
00000000001010101010111010101100
00000000001010101010111101001000


@390
00000000000000000000000000000000
00000010011100000000000001100011
00011000110001100011000010011101
00000110001100011000110001100011
00000000001110001110001110010000
00000000000000000000011111111111
00000000000000000000000000010000
00000000001110001110011110010000
00000000001110001110100000101100


@399
01010000000000000000000000000000
00010010011101000000000101100011
01011000110101100011010010011101
00010110001101011000110101100011
00000000001111000111000111001000
00000000000000000000011111111111
00000000000000000000000000010001
00000000001110001110011110010000
00000000001110001110100000101100


@3a2
10100000000000000000000000000000
00100010011110000000001001100011
10011000111001100011100010011101
00100110001110011000111001100011
00000000010000000000000000000100
00000000000000000000011111111111
00000000000000000000000000010010
00000000001110001110011110010000
00000000001110001110100000101100


@3ab
11110000000000000000000000000000
00110010011111000000001110010011
11100001111110000111110010011101
00111001001111100100111110010011
00000000010000111000111000111100
00000000000000000000011111111111
00000000000000000000000000010011
00000000001110001110011110010000
00000000001110001110100000101100


@3b4
00000000000000000000000000000000
01000010011100000000000001100011
00011000110001100011000010011101
00000110001100011000110001100011
00000000010001110001110001110100
00000000000000000000011111111111
00000000000000000000000000010100
00000000010001110010000001110100
00000000010001110010000100010000


@3bd
01010000000000000000000000000000
01010010011101000000000101100011
01011000110101100011010010011101
00010110001101011000110101100011
00000000010010101010101010101100
00000000000000000000011111111111
00000000000000000000000000010101
00000000010001110010000001110100
00000000010001110010000100010000


@3c6
10100000000000000000000000000000
01100010011110000000001001100011
10011000111001100011100010011101
00100110001110011000111001100011
00000000010011100011100011100100
00000000000000000000011111111111
00000000000000000000000000010110
00000000010001110010000001110100
00000000010001110010000100010000


@3cf
11110000000000000000000000000000
01110010011111000000001110101011
11100111111110011111110010011101
00111010101111100111111110011111
00000000010100011100011100100000
00000000000000001100000001101111
00000000000000000000000000010111
00000000010001110010000001110100
00000000010001110010000100010000


@3d8
00000000000000000000000000000000
10000010011100000000000001100011
00011000110001100011000010011101
00000110001100011000110001100011
00000000010101010101010101011000
00000000000000000000011111111111
00000000000000000000000000011000
00000000010101010101100101011000
00000000010101010101100111110100


@3e1
01010000000000000000000000000000
10010010011101000000000101100011
01011000110101100011010010011101
00010110001101011000110101100011
00000000010110001110001110010000
00000000000000000000011111111111
00000000000000000000000000011001
00000000010101010101100101011000
00000000010101010101100111110100


@3ea
10100000000000000000000000000000
10100010011110000000001001100011
10011000111001100011100010011101
00100110001110011000111001100011
00000000010111000111000111001000
00000000000000000000011111111111
00000000000000000000000000011010
00000000010101010101100101011000
00000000010101010101100111110100


@3f3
11110000000000000000000000000000
10110010011111000000001110010011
11100001111110000111110010011101
00111001001111100100111110010011
00000000011000000000000000000100
00000000000000000000011111111111
00000000000000000000000000011011
00000000010101010101100101011000
00000000010101010101100111110100


@3fc
00000000000000000000000000000000
11000010011100000000000001100011
00011000110001100011000010011101
00000110001100011000110001100011
00000000011000111000111000111100
00000000000000000000011111111111
00000000000000000000000000011100
00000000011000111001001000111000
00000000011000111001001011010100


@405
01010000000000000000000000000000
11010010011101000000000101100011
01011000110101100011010010011101
00010110001101011000110101100011
00000000011001110001110001110100
00000000000000000000011111111111
00000000000000000000000000011101
00000000011000111001001000111000
00000000011000111001001011010100


@40e
10100000000000000000000000000000
11100010011110000000001001100011
10011000111001100011100010011101
00100110001110011000111001100011
00000000011010101010101010101100
00000000000000000000011111111111
00000000000000000000000000011110
00000000011000111001001000111000
00000000011000111001001011010100


@417
11110000000000000000000000000000
11110010011111000000001110011111
11100100111110010011110010011101
00111001111111100111111110011111
00000000011011100011100011100100
00000000000000000000011111111111
00000000000000000000000000011111
00000000011000111001001000111000
00000000011000111001001011010100


@420
00000000000000000000000000000000
00000010011100000000000001100011
00011000110001100011000010011110
00000110001100011000110001100011
00000000011100011100011100100000
00000000000000000000011111111111
00000000000000000000000000100000
00000000011100011100101100011100
00000000011100011100101110111000


@429
01010000000000000000000000000000
00010010011101000000000101100011
01011000110101100011010010011110
00010110001101011000110101100011
00000000011101010101010101011000
00000000000000000000011111111111
00000000000000000000000000100001
00000000011100011100101100011100
00000000011100011100101110111000


@432
10100000000000000000000000000000
00100010011110000000001001100011
10011000111001100011100010011110
00100110001110011000111001100011
00000000011110001110001110010000
00000000000000000000011111111111
00000000000000000000000000100010
00000000011100011100101100011100
00000000011100011100101110111000


@43b
11110000000000000000000000000000
00110010011111000000001110101011
11100111111110011111110010011110
00111010101111100111111110011111
00000000011111000111000111001000
00000000000000001100000010010011
00000000000000000000000000100011
00000000011100011100101100011100
00000000011100011100101110111000


