@300
00000000000000000000000000000000
00000001010000000000000000110000
00001100000000110000000001010000
00000011000000001100000000110000
00000000000000000000000000000100
00000000000000000000011111111111
00000000000000000000000000000000
00000000000000000000010000000000
00000000000000000000010000101000


@309
01010000000000000000000000000000
00010001010001000000000100111000
01001101000100110100010001010000
00010011100001001110000100111000
00000000000000010000000000000100
00000000000000000000011111111111
00000000000000000000000000000001
00000000000000000000010000000000
00000000000000000000010000101000


@312
00000000000000000000000000000000
01000001010000000000000000110000
00001100000000110000000001010000
00000011000000001100000000110000
00000000000000100000000000000100
00000000000000000000011111111111
00000000000000000000000000000010
00000000000000100000010000000000
00000000000000100000010000101000


@31b
01010000000000000000000000000000
01010001010001000000000100111100
01001110000100111000010001010000
00010011110001001110000100111000
00000000000000110000000000000100
00000000000000000010000100000100
00000000000000000000000000000011
00000000000000100000010000000000
00000000000000100000010000101000


@324
00000000000000000000000000000000
10000001010000000000000000110000
00001100000000110000000001010000
00000011000000001100000000110000
00000000000001000000000000000100
00000000000000000000011111111111
00000000000000000000000000000100
00000000000001000000010000000000
00000000000001000000010000101000


@32d
01010000000000000000000000000000
10010001010001000000000100111000
01001101000100110100010001010000
00010011100001001110000100111000
00000000000001010000000000000100
00000000000000000000011111111111
00000000000000000000000000000101
00000000000001000000010000000000
00000000000001000000010000101000


@336
00000000000000000000000000000000
11000001010000000000000000110000
00001100000000110000000001010000
00000011000000001100000000110000
00000000000001100000000000000100
00000000000000000000011111111111
00000000000000000000000000000110
00000000000001100000010000000000
00000000000001100000010000101000


@33f
01010000000000000000000000000000
11010001010001000000000100111100
01001110000100111000010001010000
00010011110001001110000100111000
00000000000001110000000000000100
00000000000000000010000100001000
00000000000000000000000000000111
00000000000001100000010000000000
00000000000001100000010000101000


@348
00000000000000000000000000000000
00000001010000000000000000110000
00001100000000110000000001010001
00000011000000001100000000110000
00000000000010000000000000000100
00000000000000000000011111111111
00000000000000000000000000001000
00000000000010000000010000000000
00000000000010000000010000101000


@351
01010000000000000000000000000000
00010001010001000000000100111000
01001101000100110100010001010001
00010011100001001110000100111000
00000000000010010000000000000100
00000000000000000000011111111111
00000000000000000000000000001001
00000000000010000000010000000000
00000000000010000000010000101000


@35a
00000000000000000000000000000000
01000001010000000000000000110000
00001100000000110000000001010001
00000011000000001100000000110000
00000000000010100000000000000100
00000000000000000000011111111111
00000000000000000000000000001010
00000000000010100000010000000000
00000000000010100000010000101000


@363
01010000000000000000000000000000
01010001010001000000000101000000
01001111000100111100010001010001
00010100000001001111000100111100
00000000000010110000000000000100
00000000000000000010000100010000
00000000000000000000000000001011
00000000000010100000010000000000
00000000000010100000010000101000


@36c
00000000000000000000000000000000
10000001010000000000000000110000
00001100000000110000000001010001
00000011000000001100000000110000
00000000000011000000000000000100
00000000000000000000011111111111
00000000000000000000000000001100
00000000000011000000010000000000
00000000000011000000010000101000


@375
01010000000000000000000000000000
10010001010001000000000100111000
01001101000100110100010001010001
00010011100001001110000100111000
00000000000011010000000000000100
00000000000000000000011111111111
00000000000000000000000000001101
00000000000011000000010000000000
00000000000011000000010000101000


@37e
00000000000000000000000000000000
11000001010000000000000000110000
00001100000000110000000001010001
00000011000000001100000000110000
00000000000011100000000000000100
00000000000000000000011111111111
00000000000000000000000000001110
00000000000011100000010000000000
00000000000011100000010000101000


@387
01010000000000000000000000000000
11010001010001000000000101000000
01001111000100111100010001010001
00010100000001001111000100111100
00000000000011110000000000000100
00000000000000000010000100011000
00000000000000000000000000001111
00000000000011100000010000000000
00000000000011100000010000101000


