#EXEBLOCK0:
//4
LD 0, 0, 0
LD 1, 0, 1
LD 2, 0, 2
LD 3, 0, 3
LD 516, 0, 4
LD 517, 0, 5
LD 518, 0, 6
LD 519, 0, 7
LD 520, 0, 8
LD 521, 0, 9
LD 522, 0, 10
LD 523, 0, 11
LD 524, 0, 12
LD 525, 0, 13
LD 526, 0, 14
LD 527, 0, 15
LD 528, 0, 16
LD 529, 0, 17
LD 530, 0, 18
LD 531, 0, 19
MUL 0, 516, 516
MUL 1, 520, 520
MUL 2, 524, 524
MUL 3, 528, 528
PREREAD0 516, 0, 0
ADD 516, 520, 520
PREREAD0 520, 0, 0
ADD 520, 524, 524
PREREAD0 524, 0, 0
ADD 524, 528, 528
MUL 0, 517, 517
MUL 1, 521, 521
MUL 2, 525, 525
MUL 3, 529, 529
PREREAD0 517, 0, 0
ADD 517, 521, 521
PREREAD0 521, 0, 0
ADD 521, 525, 525
PREREAD0 525, 0, 0
ADD 525, 529, 529
MUL 0, 518, 518
MUL 1, 522, 522
MUL 2, 526, 526
MUL 3, 530, 530
PREREAD0 518, 0, 0
ADD 518, 522, 522
PREREAD0 522, 0, 0
ADD 522, 526, 526
PREREAD0 526, 0, 0
ADD 526, 530, 530
MUL 0, 519, 519
MUL 1, 523, 523
MUL 2, 527, 527
MUL 3, 531, 531
PREREAD0 519, 0, 0
ADD 519, 523, 523
PREREAD0 523, 0, 0
ADD 523, 527, 527
PREREAD0 527, 0, 0
ADD 527, 531, 531
#EXEBLOCK1:
//262148
LD 4, 0, 20
LD 5, 0, 21
LD 6, 0, 22
LD 7, 0, 23
LD 532, 0, 24
LD 533, 0, 25
LD 534, 0, 26
LD 535, 0, 27
LD 536, 0, 28
LD 537, 0, 29
LD 538, 0, 30
LD 539, 0, 31
LD 540, 0, 32
LD 541, 0, 33
LD 542, 0, 34
LD 543, 0, 35
LD 544, 0, 36
LD 545, 0, 37
LD 546, 0, 38
LD 547, 0, 39
MUL 4, 532, 532
MUL 5, 536, 536
MUL 6, 540, 540
MUL 7, 544, 544
PREREAD0 532, 0, 0
ADD 532, 536, 536
PREREAD0 536, 0, 0
ADD 536, 540, 540
PREREAD0 540, 0, 0
ADD 540, 544, 544
MUL 4, 533, 533
MUL 5, 537, 537
MUL 6, 541, 541
MUL 7, 545, 545
PREREAD0 533, 0, 0
ADD 533, 537, 537
PREREAD0 537, 0, 0
ADD 537, 541, 541
PREREAD0 541, 0, 0
ADD 541, 545, 545
MUL 4, 534, 534
MUL 5, 538, 538
MUL 6, 542, 542
MUL 7, 546, 546
PREREAD0 534, 0, 0
ADD 534, 538, 538
PREREAD0 538, 0, 0
ADD 538, 542, 542
PREREAD0 542, 0, 0
ADD 542, 546, 546
MUL 4, 535, 535
MUL 5, 539, 539
MUL 6, 543, 543
MUL 7, 547, 547
PREREAD0 535, 0, 0
ADD 535, 539, 539
PREREAD0 539, 0, 0
ADD 539, 543, 543
PREREAD0 543, 0, 0
ADD 543, 547, 547
#EXEBLOCK2:
//524292
LD 8, 0, 40
LD 9, 0, 41
LD 10, 0, 42
LD 11, 0, 43
LD 548, 0, 44
LD 549, 0, 45
LD 550, 0, 46
LD 551, 0, 47
LD 552, 0, 48
LD 553, 0, 49
LD 554, 0, 50
LD 555, 0, 51
LD 556, 0, 52
LD 557, 0, 53
LD 558, 0, 54
LD 559, 0, 55
LD 560, 0, 56
LD 561, 0, 57
LD 562, 0, 58
LD 563, 0, 59
MUL 8, 548, 548
MUL 9, 552, 552
MUL 10, 556, 556
MUL 11, 560, 560
PREREAD0 548, 0, 0
ADD 548, 552, 552
PREREAD0 552, 0, 0
ADD 552, 556, 556
PREREAD0 556, 0, 0
ADD 556, 560, 560
MUL 8, 549, 549
MUL 9, 553, 553
MUL 10, 557, 557
MUL 11, 561, 561
PREREAD0 549, 0, 0
ADD 549, 553, 553
PREREAD0 553, 0, 0
ADD 553, 557, 557
PREREAD0 557, 0, 0
ADD 557, 561, 561
MUL 8, 550, 550
MUL 9, 554, 554
MUL 10, 558, 558
MUL 11, 562, 562
PREREAD0 550, 0, 0
ADD 550, 554, 554
PREREAD0 554, 0, 0
ADD 554, 558, 558
PREREAD0 558, 0, 0
ADD 558, 562, 562
MUL 8, 551, 551
MUL 9, 555, 555
MUL 10, 559, 559
MUL 11, 563, 563
PREREAD0 551, 0, 0
ADD 551, 555, 555
PREREAD0 555, 0, 0
ADD 555, 559, 559
PREREAD0 559, 0, 0
ADD 559, 563, 563
#EXEBLOCK3:
//786436
LD 12, 0, 60
LD 13, 0, 61
LD 14, 0, 62
LD 15, 0, 63
LD 564, 0, 64
LD 565, 0, 65
LD 566, 0, 66
LD 567, 0, 67
LD 568, 0, 68
LD 569, 0, 69
LD 570, 0, 70
LD 571, 0, 71
LD 572, 0, 72
LD 573, 0, 73
LD 574, 0, 74
LD 575, 0, 75
LD 576, 0, 76
LD 577, 0, 77
LD 578, 0, 78
LD 579, 0, 79
MUL 12, 564, 564
MUL 13, 568, 568
MUL 14, 572, 572
MUL 15, 576, 576
PREREAD0 564, 0, 0
ADD 564, 568, 568
PREREAD0 568, 0, 0
ADD 568, 572, 572
PREREAD0 572, 0, 0
ADD 572, 576, 576
MUL 12, 565, 565
MUL 13, 569, 569
MUL 14, 573, 573
MUL 15, 577, 577
PREREAD0 565, 0, 0
ADD 565, 569, 569
PREREAD0 569, 0, 0
ADD 569, 573, 573
PREREAD0 573, 0, 0
ADD 573, 577, 577
MUL 12, 566, 566
MUL 13, 570, 570
MUL 14, 574, 574
MUL 15, 578, 578
PREREAD0 566, 0, 0
ADD 566, 570, 570
PREREAD0 570, 0, 0
ADD 570, 574, 574
PREREAD0 574, 0, 0
ADD 574, 578, 578
MUL 12, 567, 567
MUL 13, 571, 571
MUL 14, 575, 575
MUL 15, 579, 579
PREREAD0 567, 0, 0
ADD 567, 571, 571
PREREAD0 571, 0, 0
ADD 571, 575, 575
PREREAD0 575, 0, 0
ADD 575, 579, 579
PREREAD0 576, 0, 0
ADD 576, 528, 576
PREREAD0 577, 0, 0
ADD 577, 529, 577
PREREAD0 578, 0, 0
ADD 578, 530, 578
PREREAD0 579, 0, 0
ADD 579, 531, 579
PREREAD0 576, 0, 0
ADD 576, 544, 576
PREREAD0 577, 0, 0
ADD 577, 545, 577
PREREAD0 578, 0, 0
ADD 578, 546, 578
PREREAD0 579, 0, 0
ADD 579, 547, 579
PREREAD0 576, 0, 0
ADD 576, 560, 576
PREREAD0 577, 0, 0
ADD 577, 561, 577
PREREAD0 578, 0, 0
ADD 578, 562, 578
PREREAD0 579, 0, 0
ADD 579, 563, 579
COPY 576, 32, 1
COPY 577, 33, 1
COPY 578, 34, 1
COPY 579, 35, 1
#EXEBLOCK4:
//1048580
LD 0, 0, 0
LD 1, 0, 1
LD 2, 0, 2
LD 3, 0, 3
LD 516, 0, 4
LD 517, 0, 5
LD 518, 0, 6
LD 519, 0, 7
LD 520, 0, 8
LD 521, 0, 9
LD 522, 0, 10
LD 523, 0, 11
LD 524, 0, 12
LD 525, 0, 13
LD 526, 0, 14
LD 527, 0, 15
LD 528, 0, 16
LD 529, 0, 17
LD 530, 0, 18
LD 531, 0, 19
MUL 0, 516, 516
MUL 1, 520, 520
MUL 2, 524, 524
MUL 3, 528, 528
PREREAD0 516, 0, 0
ADD 516, 520, 520
PREREAD0 520, 0, 0
ADD 520, 524, 524
PREREAD0 524, 0, 0
ADD 524, 528, 528
MUL 0, 517, 517
MUL 1, 521, 521
MUL 2, 525, 525
MUL 3, 529, 529
PREREAD0 517, 0, 0
ADD 517, 521, 521
PREREAD0 521, 0, 0
ADD 521, 525, 525
PREREAD0 525, 0, 0
ADD 525, 529, 529
MUL 0, 518, 518
MUL 1, 522, 522
MUL 2, 526, 526
MUL 3, 530, 530
PREREAD0 518, 0, 0
ADD 518, 522, 522
PREREAD0 522, 0, 0
ADD 522, 526, 526
PREREAD0 526, 0, 0
ADD 526, 530, 530
MUL 0, 519, 519
MUL 1, 523, 523
MUL 2, 527, 527
MUL 3, 531, 531
PREREAD0 519, 0, 0
ADD 519, 523, 523
PREREAD0 523, 0, 0
ADD 523, 527, 527
PREREAD0 527, 0, 0
ADD 527, 531, 531
#EXEBLOCK5:
//1310724
LD 4, 0, 20
LD 5, 0, 21
LD 6, 0, 22
LD 7, 0, 23
LD 532, 0, 24
LD 533, 0, 25
LD 534, 0, 26
LD 535, 0, 27
LD 536, 0, 28
LD 537, 0, 29
LD 538, 0, 30
LD 539, 0, 31
LD 540, 0, 32
LD 541, 0, 33
LD 542, 0, 34
LD 543, 0, 35
LD 544, 0, 36
LD 545, 0, 37
LD 546, 0, 38
LD 547, 0, 39
MUL 4, 532, 532
MUL 5, 536, 536
MUL 6, 540, 540
MUL 7, 544, 544
PREREAD0 532, 0, 0
ADD 532, 536, 536
PREREAD0 536, 0, 0
ADD 536, 540, 540
PREREAD0 540, 0, 0
ADD 540, 544, 544
MUL 4, 533, 533
MUL 5, 537, 537
MUL 6, 541, 541
MUL 7, 545, 545
PREREAD0 533, 0, 0
ADD 533, 537, 537
PREREAD0 537, 0, 0
ADD 537, 541, 541
PREREAD0 541, 0, 0
ADD 541, 545, 545
MUL 4, 534, 534
MUL 5, 538, 538
MUL 6, 542, 542
MUL 7, 546, 546
PREREAD0 534, 0, 0
ADD 534, 538, 538
PREREAD0 538, 0, 0
ADD 538, 542, 542
PREREAD0 542, 0, 0
ADD 542, 546, 546
MUL 4, 535, 535
MUL 5, 539, 539
MUL 6, 543, 543
MUL 7, 547, 547
PREREAD0 535, 0, 0
ADD 535, 539, 539
PREREAD0 539, 0, 0
ADD 539, 543, 543
PREREAD0 543, 0, 0
ADD 543, 547, 547
#EXEBLOCK6:
//1572868
LD 8, 0, 40
LD 9, 0, 41
LD 10, 0, 42
LD 11, 0, 43
LD 548, 0, 44
LD 549, 0, 45
LD 550, 0, 46
LD 551, 0, 47
LD 552, 0, 48
LD 553, 0, 49
LD 554, 0, 50
LD 555, 0, 51
LD 556, 0, 52
LD 557, 0, 53
LD 558, 0, 54
LD 559, 0, 55
LD 560, 0, 56
LD 561, 0, 57
LD 562, 0, 58
LD 563, 0, 59
MUL 8, 548, 548
MUL 9, 552, 552
MUL 10, 556, 556
MUL 11, 560, 560
PREREAD0 548, 0, 0
ADD 548, 552, 552
PREREAD0 552, 0, 0
ADD 552, 556, 556
PREREAD0 556, 0, 0
ADD 556, 560, 560
MUL 8, 549, 549
MUL 9, 553, 553
MUL 10, 557, 557
MUL 11, 561, 561
PREREAD0 549, 0, 0
ADD 549, 553, 553
PREREAD0 553, 0, 0
ADD 553, 557, 557
PREREAD0 557, 0, 0
ADD 557, 561, 561
MUL 8, 550, 550
MUL 9, 554, 554
MUL 10, 558, 558
MUL 11, 562, 562
PREREAD0 550, 0, 0
ADD 550, 554, 554
PREREAD0 554, 0, 0
ADD 554, 558, 558
PREREAD0 558, 0, 0
ADD 558, 562, 562
MUL 8, 551, 551
MUL 9, 555, 555
MUL 10, 559, 559
MUL 11, 563, 563
PREREAD0 551, 0, 0
ADD 551, 555, 555
PREREAD0 555, 0, 0
ADD 555, 559, 559
PREREAD0 559, 0, 0
ADD 559, 563, 563
#EXEBLOCK7:
//1835012
LD 12, 0, 60
LD 13, 0, 61
LD 14, 0, 62
LD 15, 0, 63
LD 564, 0, 64
LD 565, 0, 65
LD 566, 0, 66
LD 567, 0, 67
LD 568, 0, 68
LD 569, 0, 69
LD 570, 0, 70
LD 571, 0, 71
LD 572, 0, 72
LD 573, 0, 73
LD 574, 0, 74
LD 575, 0, 75
LD 576, 0, 76
LD 577, 0, 77
LD 578, 0, 78
LD 579, 0, 79
MUL 12, 564, 564
MUL 13, 568, 568
MUL 14, 572, 572
MUL 15, 576, 576
PREREAD0 564, 0, 0
ADD 564, 568, 568
PREREAD0 568, 0, 0
ADD 568, 572, 572
PREREAD0 572, 0, 0
ADD 572, 576, 576
MUL 12, 565, 565
MUL 13, 569, 569
MUL 14, 573, 573
MUL 15, 577, 577
PREREAD0 565, 0, 0
ADD 565, 569, 569
PREREAD0 569, 0, 0
ADD 569, 573, 573
PREREAD0 573, 0, 0
ADD 573, 577, 577
MUL 12, 566, 566
MUL 13, 570, 570
MUL 14, 574, 574
MUL 15, 578, 578
PREREAD0 566, 0, 0
ADD 566, 570, 570
PREREAD0 570, 0, 0
ADD 570, 574, 574
PREREAD0 574, 0, 0
ADD 574, 578, 578
MUL 12, 567, 567
MUL 13, 571, 571
MUL 14, 575, 575
MUL 15, 579, 579
PREREAD0 567, 0, 0
ADD 567, 571, 571
PREREAD0 571, 0, 0
ADD 571, 575, 575
PREREAD0 575, 0, 0
ADD 575, 579, 579
ADD 576, 32, 576
ADD 577, 33, 577
ADD 578, 34, 578
ADD 579, 35, 579
PREREAD0 576, 0, 0
ADD 576, 528, 576
PREREAD0 577, 0, 0
ADD 577, 529, 577
PREREAD0 578, 0, 0
ADD 578, 530, 578
PREREAD0 579, 0, 0
ADD 579, 531, 579
PREREAD0 576, 0, 0
ADD 576, 544, 576
PREREAD0 577, 0, 0
ADD 577, 545, 577
PREREAD0 578, 0, 0
ADD 578, 546, 578
PREREAD0 579, 0, 0
ADD 579, 547, 579
PREREAD0 576, 0, 0
ADD 576, 560, 576
PREREAD0 577, 0, 0
ADD 577, 561, 577
PREREAD0 578, 0, 0
ADD 578, 562, 578
PREREAD0 579, 0, 0
ADD 579, 563, 579
ST 576, 0, 0
ST 577, 0, 1
ST 578, 0, 2
ST 579, 0, 3
