//1028
00000000000000000000000000000001
00000000000000000000000000000000
00000000000000000000000000000001
00000000000000000000000000000000
00000000000000000000000000000001
00000000000000000000000000000000
00000000000000000000000000000000
00000000000000000000000000000000
00000000000000000000000000000000
00000000000000000000000000000001
00000000000000000000000000000001
00000000000000000000000000000000
00000000000000000000000000000000
00000000000000000000000000000000
00000000000000000000000000000001
00000000000000000000000000000000
00000000000000000000000000000001
00000000000000000000000000000000
00000000000000000000000000000001
00000000000000000000000000000001
00000000000000000000000000000001
00000000000000000000000000000001
00000000000000000000000000000000
00000000000000000000000000000001
00000000000000000000000000000001
00000000000000000000000000000000
00000000000000000000000000000001
00000000000000000000000000000001
00000000000000000000000000000001
00000000000000000000000000000000
00000000000000000000000000000000
00000000000000000000000000000001
00000000000000000000000000000001
00000000000000000000000000000000
00000000000000000000000000000001
00000000000000000000000000000001
00000000000000000000000000000000
00000000000000000000000000000001
00000000000000000000000000000000
00000000000000000000000000000001
00000000000000000000000000000000
00000000000000000000000000000001
00000000000000000000000000000000
00000000000000000000000000000001
00000000000000000000000000000000
00000000000000000000000000000001
00000000000000000000000000000000
00000000000000000000000000000001
00000000000000000000000000000001
00000000000000000000000000000000
00000000000000000000000000000000
00000000000000000000000000000001
00000000000000000000000000000000
00000000000000000000000000000001
00000000000000000000000000000001
00000000000000000000000000000000
00000000000000000000000000000001
00000000000000000000000000000000
00000000000000000000000000000000
00000000000000000000000000000001
00000000000000000000000000000000
00000000000000000000000000000000
00000000000000000000000000000000
00000000000000000000000000000000
00000000000000000000000000000001
00000000000000000000000000000000
00000000000000000000000000000001
00000000000000000000000000000001
00000000000000000000000000000000
00000000000000000000000000000001
00000000000000000000000000000000
00000000000000000000000000000001
00000000000000000000000000000000
00000000000000000000000000000001
00000000000000000000000000000000
00000000000000000000000000000000
00000000000000000000000000000000
00000000000000000000000000000000
00000000000000000000000000000001
00000000000000000000000000000000
//1049604
00000000000000000000000000000001
00000000000000000000000000000001
00000000000000000000000000000001
00000000000000000000000000000001
00000000000000000000000000000000
00000000000000000000000000000001
00000000000000000000000000000000
00000000000000000000000000000001
00000000000000000000000000000001
00000000000000000000000000000000
00000000000000000000000000000000
00000000000000000000000000000000
00000000000000000000000000000001
00000000000000000000000000000000
00000000000000000000000000000001
00000000000000000000000000000000
00000000000000000000000000000000
00000000000000000000000000000001
00000000000000000000000000000000
00000000000000000000000000000001
00000000000000000000000000000000
00000000000000000000000000000001
00000000000000000000000000000001
00000000000000000000000000000001
00000000000000000000000000000000
00000000000000000000000000000001
00000000000000000000000000000001
00000000000000000000000000000000
00000000000000000000000000000000
00000000000000000000000000000001
00000000000000000000000000000000
00000000000000000000000000000001
00000000000000000000000000000001
00000000000000000000000000000001
00000000000000000000000000000001
00000000000000000000000000000000
00000000000000000000000000000000
00000000000000000000000000000001
00000000000000000000000000000000
00000000000000000000000000000001
00000000000000000000000000000001
00000000000000000000000000000001
00000000000000000000000000000000
00000000000000000000000000000001
00000000000000000000000000000000
00000000000000000000000000000001
00000000000000000000000000000001
00000000000000000000000000000000
00000000000000000000000000000001
00000000000000000000000000000000
00000000000000000000000000000001
00000000000000000000000000000001
00000000000000000000000000000001
00000000000000000000000000000000
00000000000000000000000000000000
00000000000000000000000000000001
00000000000000000000000000000001
00000000000000000000000000000001
00000000000000000000000000000000
00000000000000000000000000000001
00000000000000000000000000000000
00000000000000000000000000000000
00000000000000000000000000000001
00000000000000000000000000000000
00000000000000000000000000000000
00000000000000000000000000000000
00000000000000000000000000000000
00000000000000000000000000000000
00000000000000000000000000000000
00000000000000000000000000000001
00000000000000000000000000000000
00000000000000000000000000000001
00000000000000000000000000000000
00000000000000000000000000000001
00000000000000000000000000000000
00000000000000000000000000000000
00000000000000000000000000000001
00000000000000000000000000000001
00000000000000000000000000000001
00000000000000000000000000000000
