//4
1010000000000000
00000000000000000000000000000000
1010000000000010
00000000000000000000100000000000
1010000000000100
00000000000000000001000000000000
1010000000000110
00000000000000000001100000000000
1010010000001000
00000000000000000010000000000000
1010010000001010
00000000000000000010100000000000
1010010000001100
00000000000000000011000000000000
1010010000001110
00000000000000000011100000000000
1010010000010000
00000000000000000100000000000000
1010010000010010
00000000000000000100100000000000
1010010000010100
00000000000000000101000000000000
1010010000010110
00000000000000000101100000000000
1010010000011000
00000000000000000110000000000000
1010010000011010
00000000000000000110100000000000
1010010000011100
00000000000000000111000000000000
1010010000011110
00000000000000000111100000000000
1010010000100000
00000000000000001000000000000000
1010010000100010
00000000000000001000100000000000
1010010000100100
00000000000000001001000000000000
1010010000100110
00000000000000001001100000000000
0010000000000000
10000001000100000010000000000000
0010000000000010
10000010000100000100000000000000
0010000000000100
10000011000100000110000000000000
0010000000000110
10000100000100001000000000000000
1000010000001000
00000000000000000000000000000000
0000010000001000
10000010000100000100000000000000
1000010000010000
00000000000000000000000000000000
0000010000010000
10000011000100000110000000000000
1000010000011000
00000000000000000000000000000000
0000010000011000
10000100000100001000000000000000
0010000000000000
10000001010100000010100000000000
0010000000000010
10000010010100000100100000000000
0010000000000100
10000011010100000110100000000000
0010000000000110
10000100010100001000100000000000
1000010000001010
00000000000000000000000000000000
0000010000001010
10000010010100000100100000000000
1000010000010010
00000000000000000000000000000000
0000010000010010
10000011010100000110100000000000
1000010000011010
00000000000000000000000000000000
0000010000011010
10000100010100001000100000000000
0010000000000000
10000001100100000011000000000000
0010000000000010
10000010100100000101000000000000
0010000000000100
10000011100100000111000000000000
0010000000000110
10000100100100001001000000000000
1000010000001100
00000000000000000000000000000000
0000010000001100
10000010100100000101000000000000
1000010000010100
00000000000000000000000000000000
0000010000010100
10000011100100000111000000000000
1000010000011100
00000000000000000000000000000000
0000010000011100
10000100100100001001000000000000
0010000000000000
10000001110100000011100000000000
0010000000000010
10000010110100000101100000000000
0010000000000100
10000011110100000111100000000000
0010000000000110
10000100110100001001100000000000
1000010000001110
00000000000000000000000000000000
0000010000001110
10000010110100000101100000000000
1000010000010110
00000000000000000000000000000000
0000010000010110
10000011110100000111100000000000
1000010000011110
00000000000000000000000000000000
0000010000011110
10000100110100001001100000000000
//262148
1010000000001000
00000000000000001010000000000000
1010000000001010
00000000000000001010100000000000
1010000000001100
00000000000000001011000000000000
1010000000001110
00000000000000001011100000000000
1010010000101000
00000000000000001100000000000000
1010010000101010
00000000000000001100100000000000
1010010000101100
00000000000000001101000000000000
1010010000101110
00000000000000001101100000000000
1010010000110000
00000000000000001110000000000000
1010010000110010
00000000000000001110100000000000
1010010000110100
00000000000000001111000000000000
1010010000110110
00000000000000001111100000000000
1010010000111000
00000000000000010000000000000000
1010010000111010
00000000000000010000100000000000
1010010000111100
00000000000000010001000000000000
1010010000111110
00000000000000010001100000000000
1010010001000000
00000000000000010010000000000000
1010010001000010
00000000000000010010100000000000
1010010001000100
00000000000000010011000000000000
1010010001000110
00000000000000010011100000000000
0010000000001000
10000101000100001010000000000000
0010000000001010
10000110000100001100000000000000
0010000000001100
10000111000100001110000000000000
0010000000001110
10001000000100010000000000000000
1000010000101000
00000000000000000000000000000000
0000010000101000
10000110000100001100000000000000
1000010000110000
00000000000000000000000000000000
0000010000110000
10000111000100001110000000000000
1000010000111000
00000000000000000000000000000000
0000010000111000
10001000000100010000000000000000
0010000000001000
10000101010100001010100000000000
0010000000001010
10000110010100001100100000000000
0010000000001100
10000111010100001110100000000000
0010000000001110
10001000010100010000100000000000
1000010000101010
00000000000000000000000000000000
0000010000101010
10000110010100001100100000000000
1000010000110010
00000000000000000000000000000000
0000010000110010
10000111010100001110100000000000
1000010000111010
00000000000000000000000000000000
0000010000111010
10001000010100010000100000000000
0010000000001000
10000101100100001011000000000000
0010000000001010
10000110100100001101000000000000
0010000000001100
10000111100100001111000000000000
0010000000001110
10001000100100010001000000000000
1000010000101100
00000000000000000000000000000000
0000010000101100
10000110100100001101000000000000
1000010000110100
00000000000000000000000000000000
0000010000110100
10000111100100001111000000000000
1000010000111100
00000000000000000000000000000000
0000010000111100
10001000100100010001000000000000
0010000000001000
10000101110100001011100000000000
0010000000001010
10000110110100001101100000000000
0010000000001100
10000111110100001111100000000000
0010000000001110
10001000110100010001100000000000
1000010000101110
00000000000000000000000000000000
0000010000101110
10000110110100001101100000000000
1000010000110110
00000000000000000000000000000000
0000010000110110
10000111110100001111100000000000
1000010000111110
00000000000000000000000000000000
0000010000111110
10001000110100010001100000000000
//524292
1010000000010000
00000000000000010100000000000000
1010000000010010
00000000000000010100100000000000
1010000000010100
00000000000000010101000000000000
1010000000010110
00000000000000010101100000000000
1010010001001000
00000000000000010110000000000000
1010010001001010
00000000000000010110100000000000
1010010001001100
00000000000000010111000000000000
1010010001001110
00000000000000010111100000000000
1010010001010000
00000000000000011000000000000000
1010010001010010
00000000000000011000100000000000
1010010001010100
00000000000000011001000000000000
1010010001010110
00000000000000011001100000000000
1010010001011000
00000000000000011010000000000000
1010010001011010
00000000000000011010100000000000
1010010001011100
00000000000000011011000000000000
1010010001011110
00000000000000011011100000000000
1010010001100000
00000000000000011100000000000000
1010010001100010
00000000000000011100100000000000
1010010001100100
00000000000000011101000000000000
1010010001100110
00000000000000011101100000000000
0010000000010000
10001001000100010010000000000000
0010000000010010
10001010000100010100000000000000
0010000000010100
10001011000100010110000000000000
0010000000010110
10001100000100011000000000000000
1000010001001000
00000000000000000000000000000000
0000010001001000
10001010000100010100000000000000
1000010001010000
00000000000000000000000000000000
0000010001010000
10001011000100010110000000000000
1000010001011000
00000000000000000000000000000000
0000010001011000
10001100000100011000000000000000
0010000000010000
10001001010100010010100000000000
0010000000010010
10001010010100010100100000000000
0010000000010100
10001011010100010110100000000000
0010000000010110
10001100010100011000100000000000
1000010001001010
00000000000000000000000000000000
0000010001001010
10001010010100010100100000000000
1000010001010010
00000000000000000000000000000000
0000010001010010
10001011010100010110100000000000
1000010001011010
00000000000000000000000000000000
0000010001011010
10001100010100011000100000000000
0010000000010000
10001001100100010011000000000000
0010000000010010
10001010100100010101000000000000
0010000000010100
10001011100100010111000000000000
0010000000010110
10001100100100011001000000000000
1000010001001100
00000000000000000000000000000000
0000010001001100
10001010100100010101000000000000
1000010001010100
00000000000000000000000000000000
0000010001010100
10001011100100010111000000000000
1000010001011100
00000000000000000000000000000000
0000010001011100
10001100100100011001000000000000
0010000000010000
10001001110100010011100000000000
0010000000010010
10001010110100010101100000000000
0010000000010100
10001011110100010111100000000000
0010000000010110
10001100110100011001100000000000
1000010001001110
00000000000000000000000000000000
0000010001001110
10001010110100010101100000000000
1000010001010110
00000000000000000000000000000000
0000010001010110
10001011110100010111100000000000
1000010001011110
00000000000000000000000000000000
0000010001011110
10001100110100011001100000000000
//786436
1010000000011000
00000000000000011110000000000000
1010000000011010
00000000000000011110100000000000
1010000000011100
00000000000000011111000000000000
1010000000011110
00000000000000011111100000000000
1010010001101000
00000000000000100000000000000000
1010010001101010
00000000000000100000100000000000
1010010001101100
00000000000000100001000000000000
1010010001101110
00000000000000100001100000000000
1010010001110000
00000000000000100010000000000000
1010010001110010
00000000000000100010100000000000
1010010001110100
00000000000000100011000000000000
1010010001110110
00000000000000100011100000000000
1010010001111000
00000000000000100100000000000000
1010010001111010
00000000000000100100100000000000
1010010001111100
00000000000000100101000000000000
1010010001111110
00000000000000100101100000000000
1010010010000000
00000000000000100110000000000000
1010010010000010
00000000000000100110100000000000
1010010010000100
00000000000000100111000000000000
1010010010000110
00000000000000100111100000000000
0010000000011000
10001101000100011010000000000000
0010000000011010
10001110000100011100000000000000
0010000000011100
10001111000100011110000000000000
0010000000011110
10010000000100100000000000000000
1000010001101000
00000000000000000000000000000000
0000010001101000
10001110000100011100000000000000
1000010001110000
00000000000000000000000000000000
0000010001110000
10001111000100011110000000000000
1000010001111000
00000000000000000000000000000000
0000010001111000
10010000000100100000000000000000
0010000000011000
10001101010100011010100000000000
0010000000011010
10001110010100011100100000000000
0010000000011100
10001111010100011110100000000000
0010000000011110
10010000010100100000100000000000
1000010001101010
00000000000000000000000000000000
0000010001101010
10001110010100011100100000000000
1000010001110010
00000000000000000000000000000000
0000010001110010
10001111010100011110100000000000
1000010001111010
00000000000000000000000000000000
0000010001111010
10010000010100100000100000000000
0010000000011000
10001101100100011011000000000000
0010000000011010
10001110100100011101000000000000
0010000000011100
10001111100100011111000000000000
0010000000011110
10010000100100100001000000000000
1000010001101100
00000000000000000000000000000000
0000010001101100
10001110100100011101000000000000
1000010001110100
00000000000000000000000000000000
0000010001110100
10001111100100011111000000000000
1000010001111100
00000000000000000000000000000000
0000010001111100
10010000100100100001000000000000
0010000000011000
10001101110100011011100000000000
0010000000011010
10001110110100011101100000000000
0010000000011100
10001111110100011111100000000000
0010000000011110
10010000110100100001100000000000
1000010001101110
00000000000000000000000000000000
0000010001101110
10001110110100011101100000000000
1000010001110110
00000000000000000000000000000000
0000010001110110
10001111110100011111100000000000
1000010001111110
00000000000000000000000000000000
0000010001111110
10010000110100100001100000000000
1000010010000000
00000000000000000000000000000000
0000010010000000
10000100000100100000000000000000
1000010010000010
00000000000000000000000000000000
0000010010000010
10000100010100100000100000000000
1000010010000100
00000000000000000000000000000000
0000010010000100
10000100100100100001000000000000
1000010010000110
00000000000000000000000000000000
0000010010000110
10000100110100100001100000000000
1000010010000000
00000000000000000000000000000000
0000010010000000
10001000000100100000000000000000
1000010010000010
00000000000000000000000000000000
0000010010000010
10001000010100100000100000000000
1000010010000100
00000000000000000000000000000000
0000010010000100
10001000100100100001000000000000
1000010010000110
00000000000000000000000000000000
0000010010000110
10001000110100100001100000000000
1000010010000000
00000000000000000000000000000000
0000010010000000
10001100000100100000000000000000
1000010010000010
00000000000000000000000000000000
0000010010000010
10001100010100100000100000000000
1000010010000100
00000000000000000000000000000000
0000010010000100
10001100100100100001000000000000
1000010010000110
00000000000000000000000000000000
0000010010000110
10001100110100100001100000000000
1011010010000000
00001000000000000000100000000000
1011010010000010
00001000010000000000100000000000
1011010010000100
00001000100000000000100000000000
1011010010000110
00001000110000000000100000000000
//1048580
1010000000000000
00000000000000000000000000000000
1010000000000010
00000000000000000000100000000000
1010000000000100
00000000000000000001000000000000
1010000000000110
00000000000000000001100000000000
1010010000001000
00000000000000000010000000000000
1010010000001010
00000000000000000010100000000000
1010010000001100
00000000000000000011000000000000
1010010000001110
00000000000000000011100000000000
1010010000010000
00000000000000000100000000000000
1010010000010010
00000000000000000100100000000000
1010010000010100
00000000000000000101000000000000
1010010000010110
00000000000000000101100000000000
1010010000011000
00000000000000000110000000000000
1010010000011010
00000000000000000110100000000000
1010010000011100
00000000000000000111000000000000
1010010000011110
00000000000000000111100000000000
1010010000100000
00000000000000001000000000000000
1010010000100010
00000000000000001000100000000000
1010010000100100
00000000000000001001000000000000
1010010000100110
00000000000000001001100000000000
0010000000000000
10000001000100000010000000000000
0010000000000010
10000010000100000100000000000000
0010000000000100
10000011000100000110000000000000
0010000000000110
10000100000100001000000000000000
1000010000001000
00000000000000000000000000000000
0000010000001000
10000010000100000100000000000000
1000010000010000
00000000000000000000000000000000
0000010000010000
10000011000100000110000000000000
1000010000011000
00000000000000000000000000000000
0000010000011000
10000100000100001000000000000000
0010000000000000
10000001010100000010100000000000
0010000000000010
10000010010100000100100000000000
0010000000000100
10000011010100000110100000000000
0010000000000110
10000100010100001000100000000000
1000010000001010
00000000000000000000000000000000
0000010000001010
10000010010100000100100000000000
1000010000010010
00000000000000000000000000000000
0000010000010010
10000011010100000110100000000000
1000010000011010
00000000000000000000000000000000
0000010000011010
10000100010100001000100000000000
0010000000000000
10000001100100000011000000000000
0010000000000010
10000010100100000101000000000000
0010000000000100
10000011100100000111000000000000
0010000000000110
10000100100100001001000000000000
1000010000001100
00000000000000000000000000000000
0000010000001100
10000010100100000101000000000000
1000010000010100
00000000000000000000000000000000
0000010000010100
10000011100100000111000000000000
1000010000011100
00000000000000000000000000000000
0000010000011100
10000100100100001001000000000000
0010000000000000
10000001110100000011100000000000
0010000000000010
10000010110100000101100000000000
0010000000000100
10000011110100000111100000000000
0010000000000110
10000100110100001001100000000000
1000010000001110
00000000000000000000000000000000
0000010000001110
10000010110100000101100000000000
1000010000010110
00000000000000000000000000000000
0000010000010110
10000011110100000111100000000000
1000010000011110
00000000000000000000000000000000
0000010000011110
10000100110100001001100000000000
//1310724
1010000000001000
00000000000000001010000000000000
1010000000001010
00000000000000001010100000000000
1010000000001100
00000000000000001011000000000000
1010000000001110
00000000000000001011100000000000
1010010000101000
00000000000000001100000000000000
1010010000101010
00000000000000001100100000000000
1010010000101100
00000000000000001101000000000000
1010010000101110
00000000000000001101100000000000
1010010000110000
00000000000000001110000000000000
1010010000110010
00000000000000001110100000000000
1010010000110100
00000000000000001111000000000000
1010010000110110
00000000000000001111100000000000
1010010000111000
00000000000000010000000000000000
1010010000111010
00000000000000010000100000000000
1010010000111100
00000000000000010001000000000000
1010010000111110
00000000000000010001100000000000
1010010001000000
00000000000000010010000000000000
1010010001000010
00000000000000010010100000000000
1010010001000100
00000000000000010011000000000000
1010010001000110
00000000000000010011100000000000
0010000000001000
10000101000100001010000000000000
0010000000001010
10000110000100001100000000000000
0010000000001100
10000111000100001110000000000000
0010000000001110
10001000000100010000000000000000
1000010000101000
00000000000000000000000000000000
0000010000101000
10000110000100001100000000000000
1000010000110000
00000000000000000000000000000000
0000010000110000
10000111000100001110000000000000
1000010000111000
00000000000000000000000000000000
0000010000111000
10001000000100010000000000000000
0010000000001000
10000101010100001010100000000000
0010000000001010
10000110010100001100100000000000
0010000000001100
10000111010100001110100000000000
0010000000001110
10001000010100010000100000000000
1000010000101010
00000000000000000000000000000000
0000010000101010
10000110010100001100100000000000
1000010000110010
00000000000000000000000000000000
0000010000110010
10000111010100001110100000000000
1000010000111010
00000000000000000000000000000000
0000010000111010
10001000010100010000100000000000
0010000000001000
10000101100100001011000000000000
0010000000001010
10000110100100001101000000000000
0010000000001100
10000111100100001111000000000000
0010000000001110
10001000100100010001000000000000
1000010000101100
00000000000000000000000000000000
0000010000101100
10000110100100001101000000000000
1000010000110100
00000000000000000000000000000000
0000010000110100
10000111100100001111000000000000
1000010000111100
00000000000000000000000000000000
0000010000111100
10001000100100010001000000000000
0010000000001000
10000101110100001011100000000000
0010000000001010
10000110110100001101100000000000
0010000000001100
10000111110100001111100000000000
0010000000001110
10001000110100010001100000000000
1000010000101110
00000000000000000000000000000000
0000010000101110
10000110110100001101100000000000
1000010000110110
00000000000000000000000000000000
0000010000110110
10000111110100001111100000000000
1000010000111110
00000000000000000000000000000000
0000010000111110
10001000110100010001100000000000
//1572868
1010000000010000
00000000000000010100000000000000
1010000000010010
00000000000000010100100000000000
1010000000010100
00000000000000010101000000000000
1010000000010110
00000000000000010101100000000000
1010010001001000
00000000000000010110000000000000
1010010001001010
00000000000000010110100000000000
1010010001001100
00000000000000010111000000000000
1010010001001110
00000000000000010111100000000000
1010010001010000
00000000000000011000000000000000
1010010001010010
00000000000000011000100000000000
1010010001010100
00000000000000011001000000000000
1010010001010110
00000000000000011001100000000000
1010010001011000
00000000000000011010000000000000
1010010001011010
00000000000000011010100000000000
1010010001011100
00000000000000011011000000000000
1010010001011110
00000000000000011011100000000000
1010010001100000
00000000000000011100000000000000
1010010001100010
00000000000000011100100000000000
1010010001100100
00000000000000011101000000000000
1010010001100110
00000000000000011101100000000000
0010000000010000
10001001000100010010000000000000
0010000000010010
10001010000100010100000000000000
0010000000010100
10001011000100010110000000000000
0010000000010110
10001100000100011000000000000000
1000010001001000
00000000000000000000000000000000
0000010001001000
10001010000100010100000000000000
1000010001010000
00000000000000000000000000000000
0000010001010000
10001011000100010110000000000000
1000010001011000
00000000000000000000000000000000
0000010001011000
10001100000100011000000000000000
0010000000010000
10001001010100010010100000000000
0010000000010010
10001010010100010100100000000000
0010000000010100
10001011010100010110100000000000
0010000000010110
10001100010100011000100000000000
1000010001001010
00000000000000000000000000000000
0000010001001010
10001010010100010100100000000000
1000010001010010
00000000000000000000000000000000
0000010001010010
10001011010100010110100000000000
1000010001011010
00000000000000000000000000000000
0000010001011010
10001100010100011000100000000000
0010000000010000
10001001100100010011000000000000
0010000000010010
10001010100100010101000000000000
0010000000010100
10001011100100010111000000000000
0010000000010110
10001100100100011001000000000000
1000010001001100
00000000000000000000000000000000
0000010001001100
10001010100100010101000000000000
1000010001010100
00000000000000000000000000000000
0000010001010100
10001011100100010111000000000000
1000010001011100
00000000000000000000000000000000
0000010001011100
10001100100100011001000000000000
0010000000010000
10001001110100010011100000000000
0010000000010010
10001010110100010101100000000000
0010000000010100
10001011110100010111100000000000
0010000000010110
10001100110100011001100000000000
1000010001001110
00000000000000000000000000000000
0000010001001110
10001010110100010101100000000000
1000010001010110
00000000000000000000000000000000
0000010001010110
10001011110100010111100000000000
1000010001011110
00000000000000000000000000000000
0000010001011110
10001100110100011001100000000000
//1835012
1010000000011000
00000000000000011110000000000000
1010000000011010
00000000000000011110100000000000
1010000000011100
00000000000000011111000000000000
1010000000011110
00000000000000011111100000000000
1010010001101000
00000000000000100000000000000000
1010010001101010
00000000000000100000100000000000
1010010001101100
00000000000000100001000000000000
1010010001101110
00000000000000100001100000000000
1010010001110000
00000000000000100010000000000000
1010010001110010
00000000000000100010100000000000
1010010001110100
00000000000000100011000000000000
1010010001110110
00000000000000100011100000000000
1010010001111000
00000000000000100100000000000000
1010010001111010
00000000000000100100100000000000
1010010001111100
00000000000000100101000000000000
1010010001111110
00000000000000100101100000000000
1010010010000000
00000000000000100110000000000000
1010010010000010
00000000000000100110100000000000
1010010010000100
00000000000000100111000000000000
1010010010000110
00000000000000100111100000000000
0010000000011000
10001101000100011010000000000000
0010000000011010
10001110000100011100000000000000
0010000000011100
10001111000100011110000000000000
0010000000011110
10010000000100100000000000000000
1000010001101000
00000000000000000000000000000000
0000010001101000
10001110000100011100000000000000
1000010001110000
00000000000000000000000000000000
0000010001110000
10001111000100011110000000000000
1000010001111000
00000000000000000000000000000000
0000010001111000
10010000000100100000000000000000
0010000000011000
10001101010100011010100000000000
0010000000011010
10001110010100011100100000000000
0010000000011100
10001111010100011110100000000000
0010000000011110
10010000010100100000100000000000
1000010001101010
00000000000000000000000000000000
0000010001101010
10001110010100011100100000000000
1000010001110010
00000000000000000000000000000000
0000010001110010
10001111010100011110100000000000
1000010001111010
00000000000000000000000000000000
0000010001111010
10010000010100100000100000000000
0010000000011000
10001101100100011011000000000000
0010000000011010
10001110100100011101000000000000
0010000000011100
10001111100100011111000000000000
0010000000011110
10010000100100100001000000000000
1000010001101100
00000000000000000000000000000000
0000010001101100
10001110100100011101000000000000
1000010001110100
00000000000000000000000000000000
0000010001110100
10001111100100011111000000000000
1000010001111100
00000000000000000000000000000000
0000010001111100
10010000100100100001000000000000
0010000000011000
10001101110100011011100000000000
0010000000011010
10001110110100011101100000000000
0010000000011100
10001111110100011111100000000000
0010000000011110
10010000110100100001100000000000
1000010001101110
00000000000000000000000000000000
0000010001101110
10001110110100011101100000000000
1000010001110110
00000000000000000000000000000000
0000010001110110
10001111110100011111100000000000
1000010001111110
00000000000000000000000000000000
0000010001111110
10010000110100100001100000000000
0000010010000000
00001000000100100000000000000000
0000010010000010
00001000010100100000100000000000
0000010010000100
00001000100100100001000000000000
0000010010000110
00001000110100100001100000000000
1000010010000000
00000000000000000000000000000000
0000010010000000
10000100000100100000000000000000
1000010010000010
00000000000000000000000000000000
0000010010000010
10000100010100100000100000000000
1000010010000100
00000000000000000000000000000000
0000010010000100
10000100100100100001000000000000
1000010010000110
00000000000000000000000000000000
0000010010000110
10000100110100100001100000000000
1000010010000000
00000000000000000000000000000000
0000010010000000
10001000000100100000000000000000
1000010010000010
00000000000000000000000000000000
0000010010000010
10001000010100100000100000000000
1000010010000100
00000000000000000000000000000000
0000010010000100
10001000100100100001000000000000
1000010010000110
00000000000000000000000000000000
0000010010000110
10001000110100100001100000000000
1000010010000000
00000000000000000000000000000000
0000010010000000
10001100000100100000000000000000
1000010010000010
00000000000000000000000000000000
0000010010000010
10001100010100100000100000000000
1000010010000100
00000000000000000000000000000000
0000010010000100
10001100100100100001000000000000
1000010010000110
00000000000000000000000000000000
0000010010000110
10001100110100100001100000000000
1100010010000000
00000000000000000000000000000000
1100010010000010
00000000000000000000100000000000
1100010010000100
00000000000000000001000000000000
1100010010000110
00000000000000000001100000000000
