00000000000000000000001100010111
00000000100000110000000001100111
00100000000000000000010100110111
00000000000001010000010100010011
00110000000000000000010110110111
00000000000001011000010110010011
00000000000101101110001010110111
00110110000000101000001010010011
00000000000001010010000000100011
00000000000100000000000010010011
00000000000101010010001000100011
00000000000100000000000010010011
00000000000101010010010000100011
00000000000001010010011000100011
00000000000001010010100000100011
00000000000001010010101000100011
00000000000001010010110000100011
00000000011100000000000010010011
00000000000101011010000000100011
00000000011000000000000010010011
00000000000101011010001000100011
00000000100100000000000010010011
00000000000101011010010000100011
00000000000100000000000010010011
00000000000101011010011000100011
00000000011100000000000010010011
00000000000101011010100000100011
00001111111100000000000010010011
00000000000101011010101000100011
00000000010100001000000010110011
00000000000101011010110000100011
00000000010100001000000010110011
00000000000101011010111000100011
00000000010100001000000010110011
00000010000101011010000000100011
00000000010100001000000010110011
00000010000101011010001000100011
00000000010100001000000010110011
00000010000101011010010000100011
00000000010100001000000010110011
00000010000101011010011000100011
00000000010100001000000010110011
00000010000101011010100000100011
00000000000000000000000010010011
00000010000101011010101000100011
00000000010000000000000010010011
00000010000101011010110000100011
00001111111100000000000010010011
00000010000101011010111000100011
00001111111100000000000010010011
00000100000101011010000000100011
00000000101101110010000010110111
10110000000000001000000010010011
00000100000101011010001000100011
00000000001000000000110110010011
00000000000000000000110100010011
00000000000000000000110010010011
00000110000000000000110000010011
00000000000000000000101110010011
00000000000000000000101100010011
00000000000000000000101010010011
00000000000000000000101000010011
00000000000000000000100010010011
00000000000000000011001100110111
00000000000000110000001100010011
00000000000000000010111000110111
00000000000011100000111000010011
00000011000000000000010110010011
00000000000100000000001110010011
00000000011100110010000000100011
00000000011111100010000000100011
00000000010000110000001100010011
00000000010011100000111000010011
11111111111101011000010110010011
00000000000000000000001110010011
11111110000001011001010011100011
00000000000000000000101000010011
00000000000100000000010100010011
00001010000100000000000011101111
10000000000000000000000110110111
11111111000000011000000110010011
00000000000000000000000000010011
00000000000000000000000000010011
11111111000000000000000110010011
00000000000000000000000000010011
00000000000010100000010110010011
00000000000000000000101100010011
00000000000001011000110001100011
00000000100000000000011000110111
00000000000001100000011000010011
00000000110010110000101100110011
11111111111101011000010110010011
11111110110111111111000001101111
00010000000000000000010100110111
00000000000001010000010100010011
00000000000010100000010110010011
00000000000001011000100001100011
00000000010001010000010100010011
11111111111101011000010110010011
11111111010111111111000001101111
00000000000100000000010110010011
00000000101101010010000000100011
00000000000000000001010100110111
11101111010001010000010100010011
00000000000000000001010110110111
11110101110001011000010110010011
11100000000000000000011000110111
00000000000001100000011000010011
00000001011001100000011000110011
00000000100100000000011010010011
00000011000100000000000011101111
00000000000000000001010100110111
11101000100001010000010100010011
00000000000000000001010110110111
11101111000001011000010110010011
11100000000000000000011000110111
00000000000001100000011000010011
00000001011001100000011000110011
00000000100100000000011010010011
00000000110100000000000011101111
00000000000000000001010100110111
11100001110001010000010100010011
00000000000000000001010110110111
11101000010001011000010110010011
11100000000000000000011000110111
00000000000001100000011000010011
00000001011001100000011000110011
00000000100100000000011010010011
01111110100000000000000011101111
00000000000000000001010100110111
11011011000001010000010100010011
00000000000000000001010110110111
11100001100001011000010110010011
11100000000000000000011000110111
00000000000001100000011000010011
00000001011001100000011000110011
00000000100100000000011010010011
01111100010000000000000011101111
00000000000000000001010100110111
11010100010001010000010100010011
00000000000000000001010110110111
11011010110001011000010110010011
11100000000000000000011000110111
00000000000001100000011000010011
00000001011001100000011000110011
00000000100100000000011010010011
01111010000000000000000011101111
00000000000000000001010100110111
11001101100001010000010100010011
00000000000000000001010110110111
11010100000001011000010110010011
11100000000000000000011000110111
00000000000001100000011000010011
00000001011001100000011000110011
00000000100100000000011010010011
01110111110000000000000011101111
00000000000000000001010100110111
11000110110001010000010100010011
00000000000000000001010110110111
11001101010001011000010110010011
11100000000000000000011000110111
00000000000001100000011000010011
00000001011001100000011000110011
00000000100100000000011010010011
01110101100000000000000011101111
00000000000000000001010100110111
11000000000001010000010100010011
00000000000000000001010110110111
11000110100001011000010110010011
11100000000000000000011000110111
00000000000001100000011000010011
00000001011001100000011000110011
00000000100100000000011010010011
01110011010000000000000011101111
00000000000110111000101110010011
00000000000110100000101000010011
00000000000100000000010100010011
11100110101010100001100011100011
00000000000000000000101000010011
00000000000000000000101100010011
00000000000010100000010110010011
00000000000000000000101100010011
00000000000001011000110001100011
00000000100000000000011000110111
00000000000001100000011000010011
00000000110010110000101100110011
11111111111101011000010110010011
11111110110111111111000001101111
11100000000000000000001010110111
00000000000000101000001010010011
00000001011000101000001010110011
00000001000000000000011000110111
11111111111101100000011000010011
00000000000000101010001100000011
11111110110000110001111011100011
11100000000000000000001110110111
00001000000000111000001110010011
00000001011000111000001110110011
00000001100000000000011010010011
00000000000000111010001100000011
11111110110100110001111011100011
00010000000000000000010100110111
00000000000001010000010100010011
00000000000010100000010110010011
00000000000001011000100001100011
00000000010001010000010100010011
11111111111101011000010110010011
11111111010111111111000001101111
00000000000000000000010110010011
00000000101101010010000000100011
11110000000010010000001100110111
01000101000000110000001100010011
11110000000010010000010110110111
01000101100001011000010110010011
00000000000000000010111000110111
00000000000011100000111000010011
00000000000000000011111010110111
00000000000011101000111010010011
00000000110000000000011010010011
00000000000100000000011100010011
00000001010101110001011001100011
00000000000100000000011100010011
00000000100000000000000001101111
00000000000000000000011100010011
01000111110000000000000011101111
11110000000101010000001100110111
01000101000000110000001100010011
11110000000101010000010110110111
01000101100001011000010110010011
00000000000000000010111000110111
00000011000011100000111000010011
00000000000000000011111010110111
00000011000011101000111010010011
00000000110000000000011010010011
00000000000100000000011100010011
00000001010101110001011001100011
00000000000100000000011100010011
00000000100000000000000001101111
00000000000000000000011100010011
01000100000000000000000011101111
00000000000111001000110010010011
00000000000110100000101000010011
00000000000110001000100010010011
00000000000100000000010100010011
11110000101010100001000011100011
00000000000000000000101000010011
00000000000000000000101100010011
00000000000000000000101000010011
00000000000000000000101100010011
00000000000010100000010110010011
00000000000000000000101100010011
00000000000001011000110001100011
00000000100000000000011000110111
00000000000001100000011000010011
00000000110010110000101100110011
11111111111101011000010110010011
11111110110111111111000001101111
00000000001000000000010100010011
00000000101010111000010001100011
00000000000100000000010100010011
01011100100000000000000011101111
10000000000000000000000110110111
11111111000000011000000110010011
00000000000000000000000000010011
00000000000000000000000000010011
00000000001000000000010100010011
00000000101011001001011001100011
00000000000000000000110010010011
00000000000110101000101010010011
00000000010000000000010100010011
00010000101010001100001001100011
00000000000000000010010100110111
00000000000001010000010100010011
00000000000000000010010110110111
00000001010001011000010110010011
11110000000000000000011000110111
01000000000001100000011000010011
00000001011001100000011000110011
01010010010000000000000011101111
00000000000000000010010100110111
00000001100001010000010100010011
00000000000000000010010110110111
00000010110001011000010110010011
11110000000000110000011000110111
01000000000001100000011000010011
00000001011001100000011000110011
01010000010000000000000011101111
00000000000000000010010100110111
00000011000001010000010100010011
00000000000000000010010110110111
00000100010001011000010110010011
11110000000001100000011000110111
01000000000001100000011000010011
00000001011001100000011000110011
01001110010000000000000011101111
00000000000000000010010100110111
00000100100001010000010100010011
00000000000000000010010110110111
00000101110001011000010110010011
11110000000010010000011000110111
01000000000001100000011000010011
00000001011001100000011000110011
01001100010000000000000011101111
00000000000000000010010100110111
00000000000001010000010100010011
00000000000000000010010110110111
00000001010001011000010110010011
11110000000011000000011000110111
01000000000001100000011000010011
00000001011001100000011000110011
01001010010000000000000011101111
00000000000000000010010100110111
00000001100001010000010100010011
00000000000000000010010110110111
00000010110001011000010110010011
11110000000011110000011000110111
01000000000001100000011000010011
00000001011001100000011000110011
01001000010000000000000011101111
00000000000000000010010100110111
00000011000001010000010100010011
00000000000000000010010110110111
00000100010001011000010110010011
11110000000100100000011000110111
01000000000001100000011000010011
00000001011001100000011000110011
01000110010000000000000011101111
00000000000000000010010100110111
00000100100001010000010100010011
00000000000000000010010110110111
00000101110001011000010110010011
11110000000101010000011000110111
01000000000001100000011000010011
00000001011001100000011000110011
01000100010000000000000011101111
11100000000000000000010100110111
00000111110001010000010100010011
00000001011001010000010100110011
00000000000100000000010110010011
00000000101101010010000000100011
00000000000000000000010110010011
00000000101101010010000000100011
00010000000000000000010100110111
00000000000001010000010100010011
00000000000010100000010110010011
00000000000001011000100001100011
00000000010001010000010100010011
11111111111101011000010110010011
11111111010111111111000001101111
00000000000100000000010110010011
00000000101101010010000000100011
00000000000000000001010100110111
11101111010001010000010100010011
00000000000000000001010110110111
11110101110001011000010110010011
11100000000000000000011000110111
00000000000001100000011000010011
00000001011001100000011000110011
00000000100100000000011010010011
01000100110000000000000011101111
00000000000000000001010100110111
11101000100001010000010100010011
00000000000000000001010110110111
11101111000001011000010110010011
11100000000000000000011000110111
00000000000001100000011000010011
00000001011001100000011000110011
00000000100100000000011010010011
01000010100000000000000011101111
00000000000000000001010100110111
11100001110001010000010100010011
00000000000000000001010110110111
11101000010001011000010110010011
11100000000000000000011000110111
00000000000001100000011000010011
00000001011001100000011000110011
00000000100100000000011010010011
01000000010000000000000011101111
00000000000000000001010100110111
11011011000001010000010100010011
00000000000000000001010110110111
11100001100001011000010110010011
11100000000000000000011000110111
00000000000001100000011000010011
00000001011001100000011000110011
00000000100100000000011010010011
00111110000000000000000011101111
00000000000000000001010100110111
11010100010001010000010100010011
00000000000000000001010110110111
11011010110001011000010110010011
11100000000000000000011000110111
00000000000001100000011000010011
00000001011001100000011000110011
00000000100100000000011010010011
00111011110000000000000011101111
00000000000000000001010100110111
11001101100001010000010100010011
00000000000000000001010110110111
11010100000001011000010110010011
11100000000000000000011000110111
00000000000001100000011000010011
00000001011001100000011000110011
00000000100100000000011010010011
00111001100000000000000011101111
00000000000000000001010100110111
11000110110001010000010100010011
00000000000000000001010110110111
11001101010001011000010110010011
11100000000000000000011000110111
00000000000001100000011000010011
00000001011001100000011000110011
00000000100100000000011010010011
00110111010000000000000011101111
00000000000000000001010100110111
11000000000001010000010100010011
00000000000000000001010110110111
11000110100001011000010110010011
11100000000000000000011000110111
00000000000001100000011000010011
00000001011001100000011000110011
00000000100100000000011010010011
00110101000000000000000011101111
00000000000110111000101110010011
00000000000110100000101000010011
00000000000100000000010100010011
11010010101010100001111011100011
00000000000000000000101000010011
00000000000000000000101100010011
00000000000010100000010110010011
00000000000000000000101100010011
00000000000001011000110001100011
00000000100000000000011000110111
00000000000001100000011000010011
00000000110010110000101100110011
11111111111101011000010110010011
11111110110111111111000001101111
11100000000000000000001010110111
00000000000000101000001010010011
00000001011000101000001010110011
00000001000000000000011000110111
11111111111101100000011000010011
00000000000000101010001100000011
11111110110000110001111011100011
11100000000000000000001110110111
00001000000000111000001110010011
00000001011000111000001110110011
00000001100000000000011010010011
00000000000000111010001100000011
11111110110100110001111011100011
00010000000000000000010100110111
00000000000001010000010100010011
00000000000010100000010110010011
00000000000001011000100001100011
00000000010001010000010100010011
11111111111101011000010110010011
11111111010111111111000001101111
00000000000000000000010110010011
00000000101101010010000000100011
11110000000010010000001100110111
01000101000000110000001100010011
11110000000010010000010110110111
01000101100001011000010110010011
00000000000000000010111000110111
00000000000011100000111000010011
00000000000000000011111010110111
00000000000011101000111010010011
00000000110000000000011010010011
00000000000100000000011100010011
00000001010101110001011001100011
00000000000100000000011100010011
00000000100000000000000001101111
00000000000000000000011100010011
00001001100000000000000011101111
11110000000101010000001100110111
01000101000000110000001100010011
11110000000101010000010110110111
01000101100001011000010110010011
00000000000000000010111000110111
00000011000011100000111000010011
00000000000000000011111010110111
00000011000011101000111010010011
00000000110000000000011010010011
00000000000100000000011100010011
00000001010101110001011001100011
00000000000100000000011100010011
00000000100000000000000001101111
00000000000000000000011100010011
00000101110000000000000011101111
00000000000111001000110010010011
00000000000110100000101000010011
00000000000110001000100010010011
00000000000100000000010100010011
11110000101010100001000011100011
00000000000000000000101000010011
00000000000000000000101100010011
00000000010000000000010100010011
11000000101010111001110011100011
00000000000011010000111001100011
00000000000000000000110100010011
00000000000111011000110110010011
00000000000000000000101110010011
00000000000000000000101010010011
00000000000000000000110010010011
10111111110111111111000001101111
00000000111100000000010100010011
00011111000000000000000011101111
00000000000000000000000000010011
00000000111100000000010100010011
00000000000000000000010110010011
00000000101101010010000000100011
11111111111100000000011000010011
00000001011000110000001100110011
00000001011001011000010110110011
00000000000011001000010000010011
00000000000001000000101001100011
00000001100011100000111000110011
00000001100011101000111010110011
11111111111101000000010000010011
11111111000111111111000001101111
00000000000000110010010000000011
00000000000000110010010010000011
00000000000000110010100100000011
00000000000000110010100110000011
11111111111101101000011010010011
00001100000001101000100001100011
00000000000101101000011010010011
11111111111001101000011010010011
00001000000001101000011001100011
00000000001001101000011010010011
11111111110101101000011010010011
00000100000001101000010001100011
00000000001101101000011010010011
11111111110001101000011010010011
00000000000001101000001001100011
00000000110011101010111100000011
00000001111000000011111100110011
00000000000111110100111100010011
00000001111010011111100110110011
00000000110011100010010100000011
00000001001101010110010100110011
00000000000001110000101001100011
00000000110011101010111100000011
00000001111000000011111100110011
00000001111001010110010100110011
00000000101011100010011000100011
00000000000010011000011001100011
00000001101111101010011000100011
00000000000100000000110100010011
00000000100011101010111100000011
00000001111000000011111100110011
00000000000111110100111100010011
00000001111010010111100100110011
00000000100011100010010100000011
00000001001001010110010100110011
00000000000001110000101001100011
00000000100011101010111100000011
00000001111000000011111100110011
00000001111001010110010100110011
00000000101011100010010000100011
00000000000010010000011001100011
00000001101111101010010000100011
00000000000100000000110100010011
00000000010011101010111100000011
00000001111000000011111100110011
00000000000111110100111100010011
00000001111001001111010010110011
00000000010011100010010100000011
00000000100101010110010100110011
00000000000001110000101001100011
00000000010011101010111100000011
00000001111000000011111100110011
00000001111001010110010100110011
00000000101011100010001000100011
00000000000001001000011001100011
00000001101111101010001000100011
00000000000100000000110100010011
00000000000011101010111100000011
00000001111000000011111100110011
00000000000111110100111100010011
00000001111001000111010000110011
00000000000011100010010100000011
00000000100001010110010100110011
00000000000001110000101001100011
00000000000011101010111100000011
00000001111000000011111100110011
00000001111001010110010100110011
00000000101011100010000000100011
00000000000001000000011001100011
00000001101111101010000000100011
00000000000100000000110100010011
00000000011001011100110001100011
00000000000001101000101001100011
00000000010000110000001100010011
00000001000011100000111000010011
00000001000011101000111010010011
11101101000111111111000001101111
00000000000000001000000001100111
00000000000001010000001010010011
00000000000001100000001100010011
00000000010101011100110001100011
00000000000000101010001110000011
00000000011100110010000000100011
00000000010000101000001010010011
00000000010000110000001100010011
11111110110111111111000001101111
00000000000000001000000001100111
00000000000001010000001010010011
00000000000001100000001100010011
00000000000000000000111000010011
00000000000010101000010000010011
00000000000001000000100001100011
00000001100011100000111000110011
11111111111101000000010000010011
11111111010111111111000001101111
00000001110000101000001010110011
00000001110001011000010110110011
00000010010101011100100001100011
00000000000000101010001110000011
00000000011100110010000000100011
00000000010000101010001110000011
00000000011100110010000000100011
00000000100000101010001110000011
00000000011100110010000000100011
00000000110000101010001110000011
00000000011100110010000000100011
00000001000000101000001010010011
00000000010000110000001100010011
11111101010111111111000001101111
00000000000000001000000001100111
00000000000000000001001110110111
00110000100000111000001110010011
00000000101000111010000000100011
00000000000000001000000001100111
00000000000001010000001010010011
00000000000001100000001100010011
00000000000001101000111000010011
00000010010101011100010001100011
00000000000000101010001110000011
00000000011100110010000000100011
00000000010000101000001010010011
00000000010000110000001100010011
11111111111111100000111000010011
00000000000011100001011001100011
00000000000001100000001100010011
00000000000001101000111000010011
11111101110111111111000001101111
00000000000000001000000001100111

@300
00000000000000000000000000000000
00000001101000000000000000111110
00001111100000111110000001101000
00000011111000001111100000111110
00000000000000000000000000000100
00000000000000000000011111111111
00000000000000000000000000000000
00000000000000000000010000000000
00000000000000000000010001010000


@309
01010000000000000000000000000000
00010001101001000000000100111110
01001111100100111110010001101000
00010011111001001111100100111110
00000000000000010000000000000100
00000000000000000000011111111111
00000000000000000000000000000001
00000000000000000000010000000000
00000000000000000000010001010000


@312
10100000000000000000000000000000
00100001101010000000001001100010
10010101101001010110100001101000
00100110001010011000101001100010
00000000000000100000000000000100
00000000000000000000011111111111
00000000000000000000000000000010
00000000000000000000010000000000
00000000000000000000010001010000


@31b
00000000000000000000000000000000
01000001101000000000000000111110
00001111100000111110000001101000
00000011111000001111100000111110
00000000000000110000000000000100
00000000000000000000011111111111
00000000000000000000000000000011
00000000000000110000010000000000
00000000000000110000010001010000


@324
01010000000000000000000000000000
01010001101001000000000100111110
01001111100100111110010001101000
00010011111001001111100100111110
00000000000001000000000000000100
00000000000000000000011111111111
00000000000000000000000000000100
00000000000000110000010000000000
00000000000000110000010001010000


@32d
10100000000000000000000000000000
01100001101010000000001001100010
10010101101001010110100001101000
00100110001010011000101001100010
00000000000001010000000000000100
00000000000000000000011111111111
00000000000000000000000000000101
00000000000000110000010000000000
00000000000000110000010001010000


@336
00000000000000000000000000000000
10000001101000000000000000111110
00001111100000111110000001101000
00000011111000001111100000111110
00000000000001100000000000000100
00000000000000000000011111111111
00000000000000000000000000000110
00000000000001100000010000000000
00000000000001100000010001010000


@33f
01010000000000000000000000000000
10010001101001000000000100111110
01001111100100111110010001101000
00010011111001001111100100111110
00000000000001110000000000000100
00000000000000000000011111111111
00000000000000000000000000000111
00000000000001100000010000000000
00000000000001100000010001010000


@348
10100000000000000000000000000000
10100001101010000000001001100010
10010101101001010110100001101000
00100110001010011000101001100010
00000000000010000000000000000100
00000000000000000000011111111111
00000000000000000000000000001000
00000000000001100000010000000000
00000000000001100000010001010000


@351
00000000000000000000000000000000
11000001101000000000000000111110
00001111100000111110000001101000
00000011111000001111100000111110
00000000000010010000000000000100
00000000000000000000011111111111
00000000000000000000000000001001
00000000000010010000010000000000
00000000000010010000010001010000


@35a
01010000000000000000000000000000
11010001101001000000000100111110
01001111100100111110010001101000
00010011111001001111100100111110
00000000000010100000000000000100
00000000000000000000011111111111
00000000000000000000000000001010
00000000000010010000010000000000
00000000000010010000010001010000


@363
10100000000000000000000000000000
11100001101010000000001010000110
10011110101001111010100001101000
00101000011010011110101001111010
00000000000010110000000000000100
00000000000000010010000100000000
00000000000000000000000000001011
00000000000010010000010000000000
00000000000010010000010001010000


@36c
00000000000000000000000000000000
00000001101000000000000000111110
00001111100000111110000001101001
00000011111000001111100000111110
00000000000011000000000000000100
00000000000000000000011111111111
00000000000000000000000000001100
00000000000011000000010000000000
00000000000011000000010001010000


@375
01010000000000000000000000000000
00010001101001000000000100111110
01001111100100111110010001101001
00010011111001001111100100111110
00000000000011010000000000000100
00000000000000000000011111111111
00000000000000000000000000001101
00000000000011000000010000000000
00000000000011000000010001010000


@37e
10100000000000000000000000000000
00100001101010000000001001101110
10011000101001100010100001101001
00100110111010011011101001101110
00000000000011100000000000000100
00000000000000000000011111111111
00000000000000000000000000001110
00000000000011000000010000000000
00000000000011000000010001010000


@387
00000000000000000000000000000000
01000001101000000000000000111110
00001111100000111110000001101001
00000011111000001111100000111110
00000000000011110000000000000100
00000000000000000000011111111111
00000000000000000000000000001111
00000000000011110000010000000000
00000000000011110000010001010000


@390
01010000000000000000000000000000
01010001101001000000000100111110
01001111100100111110010001101001
00010011111001001111100100111110
00000000000100000000000000000100
00000000000000000000011111111111
00000000000000000000000000010000
00000000000011110000010000000000
00000000000011110000010001010000


@399
10100000000000000000000000000000
01100001101010000000001001100010
10010101101001010110100001101001
00100110001010011000101001100010
00000000000100010000000000000100
00000000000000000000011111111111
00000000000000000000000000010001
00000000000011110000010000000000
00000000000011110000010001010000


@3a2
00000000000000000000000000000000
10000001101000000000000000111110
00001111100000111110000001101001
00000011111000001111100000111110
00000000000100100000000000000100
00000000000000000000011111111111
00000000000000000000000000010010
00000000000100100000010000000000
00000000000100100000010001010000


@3ab
01010000000000000000000000000000
10010001101001000000000100111110
01001111100100111110010001101001
00010011111001001111100100111110
00000000000100110000000000000100
00000000000000000000011111111111
00000000000000000000000000010011
00000000000100100000010000000000
00000000000100100000010001010000


@3b4
10100000000000000000000000000000
10100001101010000000001001101110
10011000101001100010100001101001
00100110111010011011101001101110
00000000000101000000000000000100
00000000000000000000011111111111
00000000000000000000000000010100
00000000000100100000010000000000
00000000000100100000010001010000


@3bd
00000000000000000000000000000000
11000001101000000000000000111110
00001111100000111110000001101001
00000011111000001111100000111110
00000000000101010000000000000100
00000000000000000000011111111111
00000000000000000000000000010101
00000000000101010000010000000000
00000000000101010000010001010000


@3c6
01010000000000000000000000000000
11010001101001000000000100111110
01001111100100111110010001101001
00010011111001001111100100111110
00000000000101100000000000000100
00000000000000000000011111111111
00000000000000000000000000010110
00000000000101010000010000000000
00000000000101010000010001010000


@3cf
10100000000000000000000000000000
11100001101010000000001010101010
10100111101010011110100001101001
00101010101010100111101010011110
00000000000101110000000000000100
00000000000000010010000100111100
00000000000000000000000000010111
00000000000101010000010000000000
00000000000101010000010001010000


