@1a0
00000000000000000000000000000000
00000000100100000000000000010001
00000100010000010001000000100100
00000001000100000100010000010001
00000000000000000000000000000100
00000000000000000000011111111111
00000000000000000000000000000000
00000000000000000000010000000000
00000000000000000000010000010100


@1aa
01010000000000000000000000000000
00010000100101000000000100101001
01001000010100100001010000100100
00010010100101001010010100101001
00000000000010000000000000000100
00000000000000000000011111111111
00000000000000000000000000000001
00000000000000000000010000000000
00000000000000000000010000010100


@1b4
00000000000000000000000000000000
01000000100100000000000000010001
00000100010000010001000000100100
00000001000100000100010000010001
00000000000100000000000000000100
00000000000000000000011111111111
00000000000000000000000000000010
00000000000100000000010000000000
00000000000100000000010000010100


@1be
01010000000000000000000000000000
01010000100101000000000100101001
01001000010100100001010000100100
00010010100101001010010100101001
00000000000110000000000000000100
00000000000000000000011111111111
00000000000000000000000000000011
00000000000100000000010000000000
00000000000100000000010000010100


@1c8
00000000000000000000000000000000
10000000100100000000000000010001
00000100010000010001000000100100
00000001000100000100010000010001
00000000001000000000000000000100
00000000000000000000011111111111
00000000000000000000000000000100
00000000001000000000010000000000
00000000001000000000010000010100


@1d2
01010000000000000000000000000000
10010000100101000000000100101001
01001000010100100001010000100100
00010010100101001010010100101001
00000000001010000000000000000100
00000000000000000000011111111111
00000000000000000000000000000101
00000000001000000000010000000000
00000000001000000000010000010100


@1dc
00000000000000000000000000000000
11000000100100000000000000010001
00000100010000010001000000100100
00000001000100000100010000010001
00000000001100000000000000000100
00000000000000000000011111111111
00000000000000000000000000000110
00000000001100000000010000000000
00000000001100000000010000010100


@1e6
01010000000000000000000000000000
11010000100101000000000101000001
01001110010100111001010000100100
00010100000101001110010100111001
00000000001110000000000000000100
00000000000000001100000000010001
00000000000000000000000000000111
00000000001100000000010000000000
00000000001100000000010000010100


