#EXEBLOCK0:
//4
LD 0, 0, 0
LD 1, 0, 1
LD 2, 0, 2
LD 3, 0, 3
LD 516, 0, 4
LD 517, 0, 5
LD 518, 0, 6
LD 519, 0, 7
LD 520, 0, 8
LD 521, 0, 9
LD 522, 0, 10
LD 523, 0, 11
LD 524, 0, 12
LD 525, 0, 13
LD 526, 0, 14
LD 527, 0, 15
MUL 0, 516, 516
MUL 1, 519, 519
MUL 2, 522, 522
MUL 3, 525, 525
PREREAD0 516, 0, 0
ADD 516, 519, 519
PREREAD0 519, 0, 0
ADD 519, 522, 522
PREREAD0 522, 0, 0
ADD 522, 525, 525
MUL 0, 517, 517
MUL 1, 520, 520
MUL 2, 523, 523
MUL 3, 526, 526
PREREAD0 517, 0, 0
ADD 517, 520, 520
PREREAD0 520, 0, 0
ADD 520, 523, 523
PREREAD0 523, 0, 0
ADD 523, 526, 526
MUL 0, 518, 518
MUL 1, 521, 521
MUL 2, 524, 524
MUL 3, 527, 527
PREREAD0 518, 0, 0
ADD 518, 521, 521
PREREAD0 521, 0, 0
ADD 521, 524, 524
PREREAD0 524, 0, 0
ADD 524, 527, 527
#EXEBLOCK1:
//699052
LD 4, 0, 16
LD 5, 0, 17
LD 6, 0, 18
LD 7, 0, 19
LD 528, 0, 20
LD 529, 0, 21
LD 530, 0, 22
LD 531, 0, 23
LD 532, 0, 24
LD 533, 0, 25
LD 534, 0, 26
LD 535, 0, 27
LD 536, 0, 28
LD 537, 0, 29
LD 538, 0, 30
LD 539, 0, 31
MUL 4, 528, 528
MUL 5, 531, 531
MUL 6, 534, 534
MUL 7, 537, 537
PREREAD0 528, 0, 0
ADD 528, 531, 531
PREREAD0 531, 0, 0
ADD 531, 534, 534
PREREAD0 534, 0, 0
ADD 534, 537, 537
MUL 4, 529, 529
MUL 5, 532, 532
MUL 6, 535, 535
MUL 7, 538, 538
PREREAD0 529, 0, 0
ADD 529, 532, 532
PREREAD0 532, 0, 0
ADD 532, 535, 535
PREREAD0 535, 0, 0
ADD 535, 538, 538
MUL 4, 530, 530
MUL 5, 533, 533
MUL 6, 536, 536
MUL 7, 539, 539
PREREAD0 530, 0, 0
ADD 530, 533, 533
PREREAD0 533, 0, 0
ADD 533, 536, 536
PREREAD0 536, 0, 0
ADD 536, 539, 539
#EXEBLOCK2:
//1398104
LD 8, 0, 32
LD 9, 0, 33
LD 10, 0, 34
LD 11, 0, 35
LD 540, 0, 36
LD 541, 0, 37
LD 542, 0, 38
LD 543, 0, 39
LD 544, 0, 40
LD 545, 0, 41
LD 546, 0, 42
LD 547, 0, 43
LD 548, 0, 44
LD 549, 0, 45
LD 550, 0, 46
LD 551, 0, 47
MUL 8, 540, 540
MUL 9, 543, 543
MUL 10, 546, 546
MUL 11, 549, 549
PREREAD0 540, 0, 0
ADD 540, 543, 543
PREREAD0 543, 0, 0
ADD 543, 546, 546
PREREAD0 546, 0, 0
ADD 546, 549, 549
MUL 8, 541, 541
MUL 9, 544, 544
MUL 10, 547, 547
MUL 11, 550, 550
PREREAD0 541, 0, 0
ADD 541, 544, 544
PREREAD0 544, 0, 0
ADD 544, 547, 547
PREREAD0 547, 0, 0
ADD 547, 550, 550
MUL 8, 542, 542
MUL 9, 545, 545
MUL 10, 548, 548
MUL 11, 551, 551
PREREAD0 542, 0, 0
ADD 542, 545, 545
PREREAD0 545, 0, 0
ADD 545, 548, 548
PREREAD0 548, 0, 0
ADD 548, 551, 551
#EXEBLOCK3:
//2097156
LD 12, 0, 48
LD 13, 0, 49
LD 14, 0, 50
LD 15, 0, 51
LD 552, 0, 52
LD 553, 0, 53
LD 554, 0, 54
LD 555, 0, 55
LD 556, 0, 56
LD 557, 0, 57
LD 558, 0, 58
LD 559, 0, 59
LD 560, 0, 60
LD 561, 0, 61
LD 562, 0, 62
LD 563, 0, 63
MUL 12, 552, 552
MUL 13, 555, 555
MUL 14, 558, 558
MUL 15, 561, 561
PREREAD0 552, 0, 0
ADD 552, 555, 555
PREREAD0 555, 0, 0
ADD 555, 558, 558
PREREAD0 558, 0, 0
ADD 558, 561, 561
MUL 12, 553, 553
MUL 13, 556, 556
MUL 14, 559, 559
MUL 15, 562, 562
PREREAD0 553, 0, 0
ADD 553, 556, 556
PREREAD0 556, 0, 0
ADD 556, 559, 559
PREREAD0 559, 0, 0
ADD 559, 562, 562
MUL 12, 554, 554
MUL 13, 557, 557
MUL 14, 560, 560
MUL 15, 563, 563
PREREAD0 554, 0, 0
ADD 554, 557, 557
PREREAD0 557, 0, 0
ADD 557, 560, 560
PREREAD0 560, 0, 0
ADD 560, 563, 563
PREREAD0 561, 0, 0
ADD 561, 525, 561
PREREAD0 562, 0, 0
ADD 562, 526, 562
PREREAD0 563, 0, 0
ADD 563, 527, 563
PREREAD0 561, 0, 0
ADD 561, 537, 561
PREREAD0 562, 0, 0
ADD 562, 538, 562
PREREAD0 563, 0, 0
ADD 563, 539, 563
PREREAD0 561, 0, 0
ADD 561, 549, 561
PREREAD0 562, 0, 0
ADD 562, 550, 562
PREREAD0 563, 0, 0
ADD 563, 551, 563
COPY 561, 25, 2
COPY 562, 26, 2
COPY 563, 27, 2
#EXEBLOCK4:
//2796204
LD 0, 0, 0
LD 1, 0, 1
LD 2, 0, 2
LD 3, 0, 3
LD 516, 0, 4
LD 517, 0, 5
LD 518, 0, 6
LD 519, 0, 7
LD 520, 0, 8
LD 521, 0, 9
LD 522, 0, 10
LD 523, 0, 11
LD 524, 0, 12
LD 525, 0, 13
LD 526, 0, 14
LD 527, 0, 15
MUL 0, 516, 516
MUL 1, 519, 519
MUL 2, 522, 522
MUL 3, 525, 525
PREREAD0 516, 0, 0
ADD 516, 519, 519
PREREAD0 519, 0, 0
ADD 519, 522, 522
PREREAD0 522, 0, 0
ADD 522, 525, 525
MUL 0, 517, 517
MUL 1, 520, 520
MUL 2, 523, 523
MUL 3, 526, 526
PREREAD0 517, 0, 0
ADD 517, 520, 520
PREREAD0 520, 0, 0
ADD 520, 523, 523
PREREAD0 523, 0, 0
ADD 523, 526, 526
MUL 0, 518, 518
MUL 1, 521, 521
MUL 2, 524, 524
MUL 3, 527, 527
PREREAD0 518, 0, 0
ADD 518, 521, 521
PREREAD0 521, 0, 0
ADD 521, 524, 524
PREREAD0 524, 0, 0
ADD 524, 527, 527
#EXEBLOCK5:
//3495256
LD 4, 0, 16
LD 5, 0, 17
LD 6, 0, 18
LD 7, 0, 19
LD 528, 0, 20
LD 529, 0, 21
LD 530, 0, 22
LD 531, 0, 23
LD 532, 0, 24
LD 533, 0, 25
LD 534, 0, 26
LD 535, 0, 27
LD 536, 0, 28
LD 537, 0, 29
LD 538, 0, 30
LD 539, 0, 31
MUL 4, 528, 528
MUL 5, 531, 531
MUL 6, 534, 534
MUL 7, 537, 537
PREREAD0 528, 0, 0
ADD 528, 531, 531
PREREAD0 531, 0, 0
ADD 531, 534, 534
PREREAD0 534, 0, 0
ADD 534, 537, 537
MUL 4, 529, 529
MUL 5, 532, 532
MUL 6, 535, 535
MUL 7, 538, 538
PREREAD0 529, 0, 0
ADD 529, 532, 532
PREREAD0 532, 0, 0
ADD 532, 535, 535
PREREAD0 535, 0, 0
ADD 535, 538, 538
MUL 4, 530, 530
MUL 5, 533, 533
MUL 6, 536, 536
MUL 7, 539, 539
PREREAD0 530, 0, 0
ADD 530, 533, 533
PREREAD0 533, 0, 0
ADD 533, 536, 536
PREREAD0 536, 0, 0
ADD 536, 539, 539
#EXEBLOCK6:
//4194308
LD 8, 0, 32
LD 9, 0, 33
LD 10, 0, 34
LD 11, 0, 35
LD 540, 0, 36
LD 541, 0, 37
LD 542, 0, 38
LD 543, 0, 39
LD 544, 0, 40
LD 545, 0, 41
LD 546, 0, 42
LD 547, 0, 43
LD 548, 0, 44
LD 549, 0, 45
LD 550, 0, 46
LD 551, 0, 47
MUL 8, 540, 540
MUL 9, 543, 543
MUL 10, 546, 546
MUL 11, 549, 549
PREREAD0 540, 0, 0
ADD 540, 543, 543
PREREAD0 543, 0, 0
ADD 543, 546, 546
PREREAD0 546, 0, 0
ADD 546, 549, 549
MUL 8, 541, 541
MUL 9, 544, 544
MUL 10, 547, 547
MUL 11, 550, 550
PREREAD0 541, 0, 0
ADD 541, 544, 544
PREREAD0 544, 0, 0
ADD 544, 547, 547
PREREAD0 547, 0, 0
ADD 547, 550, 550
MUL 8, 542, 542
MUL 9, 545, 545
MUL 10, 548, 548
MUL 11, 551, 551
PREREAD0 542, 0, 0
ADD 542, 545, 545
PREREAD0 545, 0, 0
ADD 545, 548, 548
PREREAD0 548, 0, 0
ADD 548, 551, 551
#EXEBLOCK7:
//4893356
LD 12, 0, 48
LD 13, 0, 49
LD 14, 0, 50
LD 15, 0, 51
LD 552, 0, 52
LD 553, 0, 53
LD 554, 0, 54
LD 555, 0, 55
LD 556, 0, 56
LD 557, 0, 57
LD 558, 0, 58
LD 559, 0, 59
LD 560, 0, 60
LD 561, 0, 61
LD 562, 0, 62
LD 563, 0, 63
MUL 12, 552, 552
MUL 13, 555, 555
MUL 14, 558, 558
MUL 15, 561, 561
PREREAD0 552, 0, 0
ADD 552, 555, 555
PREREAD0 555, 0, 0
ADD 555, 558, 558
PREREAD0 558, 0, 0
ADD 558, 561, 561
MUL 12, 553, 553
MUL 13, 556, 556
MUL 14, 559, 559
MUL 15, 562, 562
PREREAD0 553, 0, 0
ADD 553, 556, 556
PREREAD0 556, 0, 0
ADD 556, 559, 559
PREREAD0 559, 0, 0
ADD 559, 562, 562
MUL 12, 554, 554
MUL 13, 557, 557
MUL 14, 560, 560
MUL 15, 563, 563
PREREAD0 554, 0, 0
ADD 554, 557, 557
PREREAD0 557, 0, 0
ADD 557, 560, 560
PREREAD0 560, 0, 0
ADD 560, 563, 563
PREREAD0 561, 0, 0
ADD 561, 525, 561
PREREAD0 562, 0, 0
ADD 562, 526, 562
PREREAD0 563, 0, 0
ADD 563, 527, 563
PREREAD0 561, 0, 0
ADD 561, 537, 561
PREREAD0 562, 0, 0
ADD 562, 538, 562
PREREAD0 563, 0, 0
ADD 563, 539, 563
PREREAD0 561, 0, 0
ADD 561, 549, 561
PREREAD0 562, 0, 0
ADD 562, 550, 562
PREREAD0 563, 0, 0
ADD 563, 551, 563
COPY 561, 28, 2
COPY 562, 29, 2
COPY 563, 30, 2
#EXEBLOCK8:
//5592408
LD 0, 0, 0
LD 1, 0, 1
LD 2, 0, 2
LD 3, 0, 3
LD 516, 0, 4
LD 517, 0, 5
LD 518, 0, 6
LD 519, 0, 7
LD 520, 0, 8
LD 521, 0, 9
LD 522, 0, 10
LD 523, 0, 11
LD 524, 0, 12
LD 525, 0, 13
LD 526, 0, 14
LD 527, 0, 15
MUL 0, 516, 516
MUL 1, 519, 519
MUL 2, 522, 522
MUL 3, 525, 525
PREREAD0 516, 0, 0
ADD 516, 519, 519
PREREAD0 519, 0, 0
ADD 519, 522, 522
PREREAD0 522, 0, 0
ADD 522, 525, 525
MUL 0, 517, 517
MUL 1, 520, 520
MUL 2, 523, 523
MUL 3, 526, 526
PREREAD0 517, 0, 0
ADD 517, 520, 520
PREREAD0 520, 0, 0
ADD 520, 523, 523
PREREAD0 523, 0, 0
ADD 523, 526, 526
MUL 0, 518, 518
MUL 1, 521, 521
MUL 2, 524, 524
MUL 3, 527, 527
PREREAD0 518, 0, 0
ADD 518, 521, 521
PREREAD0 521, 0, 0
ADD 521, 524, 524
PREREAD0 524, 0, 0
ADD 524, 527, 527
#EXEBLOCK9:
//6291460
LD 4, 0, 16
LD 5, 0, 17
LD 6, 0, 18
LD 7, 0, 19
LD 528, 0, 20
LD 529, 0, 21
LD 530, 0, 22
LD 531, 0, 23
LD 532, 0, 24
LD 533, 0, 25
LD 534, 0, 26
LD 535, 0, 27
LD 536, 0, 28
LD 537, 0, 29
LD 538, 0, 30
LD 539, 0, 31
MUL 4, 528, 528
MUL 5, 531, 531
MUL 6, 534, 534
MUL 7, 537, 537
PREREAD0 528, 0, 0
ADD 528, 531, 531
PREREAD0 531, 0, 0
ADD 531, 534, 534
PREREAD0 534, 0, 0
ADD 534, 537, 537
MUL 4, 529, 529
MUL 5, 532, 532
MUL 6, 535, 535
MUL 7, 538, 538
PREREAD0 529, 0, 0
ADD 529, 532, 532
PREREAD0 532, 0, 0
ADD 532, 535, 535
PREREAD0 535, 0, 0
ADD 535, 538, 538
MUL 4, 530, 530
MUL 5, 533, 533
MUL 6, 536, 536
MUL 7, 539, 539
PREREAD0 530, 0, 0
ADD 530, 533, 533
PREREAD0 533, 0, 0
ADD 533, 536, 536
PREREAD0 536, 0, 0
ADD 536, 539, 539
#EXEBLOCK10:
//6990508
LD 8, 0, 32
LD 9, 0, 33
LD 10, 0, 34
LD 11, 0, 35
LD 540, 0, 36
LD 541, 0, 37
LD 542, 0, 38
LD 543, 0, 39
LD 544, 0, 40
LD 545, 0, 41
LD 546, 0, 42
LD 547, 0, 43
LD 548, 0, 44
LD 549, 0, 45
LD 550, 0, 46
LD 551, 0, 47
MUL 8, 540, 540
MUL 9, 543, 543
MUL 10, 546, 546
MUL 11, 549, 549
PREREAD0 540, 0, 0
ADD 540, 543, 543
PREREAD0 543, 0, 0
ADD 543, 546, 546
PREREAD0 546, 0, 0
ADD 546, 549, 549
MUL 8, 541, 541
MUL 9, 544, 544
MUL 10, 547, 547
MUL 11, 550, 550
PREREAD0 541, 0, 0
ADD 541, 544, 544
PREREAD0 544, 0, 0
ADD 544, 547, 547
PREREAD0 547, 0, 0
ADD 547, 550, 550
MUL 8, 542, 542
MUL 9, 545, 545
MUL 10, 548, 548
MUL 11, 551, 551
PREREAD0 542, 0, 0
ADD 542, 545, 545
PREREAD0 545, 0, 0
ADD 545, 548, 548
PREREAD0 548, 0, 0
ADD 548, 551, 551
#EXEBLOCK11:
//7689560
LD 12, 0, 48
LD 13, 0, 49
LD 14, 0, 50
LD 15, 0, 51
LD 552, 0, 52
LD 553, 0, 53
LD 554, 0, 54
LD 555, 0, 55
LD 556, 0, 56
LD 557, 0, 57
LD 558, 0, 58
LD 559, 0, 59
LD 560, 0, 60
LD 561, 0, 61
LD 562, 0, 62
LD 563, 0, 63
MUL 12, 552, 552
MUL 13, 555, 555
MUL 14, 558, 558
MUL 15, 561, 561
PREREAD0 552, 0, 0
ADD 552, 555, 555
PREREAD0 555, 0, 0
ADD 555, 558, 558
PREREAD0 558, 0, 0
ADD 558, 561, 561
MUL 12, 553, 553
MUL 13, 556, 556
MUL 14, 559, 559
MUL 15, 562, 562
PREREAD0 553, 0, 0
ADD 553, 556, 556
PREREAD0 556, 0, 0
ADD 556, 559, 559
PREREAD0 559, 0, 0
ADD 559, 562, 562
MUL 12, 554, 554
MUL 13, 557, 557
MUL 14, 560, 560
MUL 15, 563, 563
PREREAD0 554, 0, 0
ADD 554, 557, 557
PREREAD0 557, 0, 0
ADD 557, 560, 560
PREREAD0 560, 0, 0
ADD 560, 563, 563
ADD 561, 25, 561
ADD 562, 26, 562
ADD 563, 27, 563
ADD 561, 28, 561
ADD 562, 29, 562
ADD 563, 30, 563
PREREAD0 561, 0, 0
ADD 561, 525, 561
PREREAD0 562, 0, 0
ADD 562, 526, 562
PREREAD0 563, 0, 0
ADD 563, 527, 563
PREREAD0 561, 0, 0
ADD 561, 537, 561
PREREAD0 562, 0, 0
ADD 562, 538, 562
PREREAD0 563, 0, 0
ADD 563, 539, 563
PREREAD0 561, 0, 0
ADD 561, 549, 561
PREREAD0 562, 0, 0
ADD 562, 550, 562
PREREAD0 563, 0, 0
ADD 563, 551, 563
ST 561, 0, 0
ST 562, 0, 1
ST 563, 0, 2
